15
41
0
24
2
1 10.0
3 10.0
1
2
3
0 10.0
2 10.0
3 10.0
2
34
2
2 10.0
4 10.0
3
9
4
0 10.0
2 10.0
3 10.0
4 10.0
4
31
2
0 10.0
3 10.0
5
17
3
0 10.0
2 10.0
4 10.0
6
22
3
0 10.0
1 10.0
3 10.0
7
29
3
0 10.0
1 10.0
4 10.0
8
29
1
2 10.0
9
3
3
0 10.0
2 10.0
3 10.0
10
29
3
1 10.0
2 10.0
3 10.0
11
33
3
0 10.0
1 10.0
3 10.0
12
25
3
2 10.0
3 10.0
4 10.0
13
24
3
0 10.0
1 10.0
3 10.0
14
31
2
2 10.0
4 10.0
15
16
3
0 10.0
2 10.0
3 10.0
16
22
3
0 10.0
2 10.0
4 10.0
17
25
4
1 10.0
2 10.0
3 10.0
4 10.0
18
22
3
0 10.0
1 10.0
3 10.0
19
27
1
4 10.0
20
31
3
1 10.0
2 10.0
3 10.0
21
15
3
0 10.0
2 10.0
4 10.0
22
27
3
0 10.0
3 10.0
4 10.0
23
2
2
1 10.0
3 10.0
24
22
3
1 10.0
2 10.0
3 10.0
25
32
2
2 10.0
4 10.0
26
21
1
1 10.0
27
26
3
0 10.0
2 10.0
4 10.0
28
27
1
3 10.0
29
26
2
1 10.0
3 10.0
30
24
2
0 10.0
1 10.0
31
30
1
1 10.0
32
3
3
0 10.0
2 10.0
4 10.0
33
22
2
1 10.0
3 10.0
34
18
3
0 10.0
2 10.0
4 10.0
35
13
3
0 10.0
1 10.0
4 10.0
36
27
4
0 10.0
2 10.0
3 10.0
4 10.0
37
40
4
0 10.0
1 10.0
2 10.0
4 10.0
38
31
2
2 10.0
4 10.0
39
31
2
0 10.0
3 10.0
40
18
1
0 10.0
73
0 1 1.2814837946736906
0 2 2.6437716697543934
0 3 1.5767912646768294
0 4 1.4838109747382344
0 6 1.3528352368710697
0 7 2.871406663854819
0 8 1.6429121224252783
0 10 2.1057824529773526
0 11 1.6396259081341906
0 12 1.0789753301052354
0 13 1.3485713980310892
0 14 1.2634462718037098
0 16 3.8549839862414537
0 17 4.668203022596431
0 18 1.053750004138656
0 19 2.1468369545968633
0 20 2.985829702100747
0 21 1.6427070784274447
0 22 1.2892415395181174
0 23 2.297429274099276
0 24 1.0818680965521534
0 25 1.6283044349124483
0 27 1.5977195531368216
0 28 3.8942130380050743
0 29 1.5705246544546685
0 30 1.1781273403362933
0 31 1.2810452242652581
0 34 1.3823634868133055
0 35 1.6656943883617803
0 36 1.580053867098112
0 37 2.1232881290108137
0 38 1.6323753559920566
0 39 1.0992575799845719
1 40 1.4930316494655531
2 40 2.544078447986356
3 40 1.214028041853513
4 40 1.713335886186178
5 40 1.9217891743461855
6 40 1.5799856086661817
7 40 2.063492935665816
8 40 1.1636886696615287
9 15 1.2992084566541324
10 32 1.6438895729918745
11 40 1.2874074568820157
12 40 4.175780440253739
13 40 3.6788876761592375
14 40 5.247047472026574
15 40 4.95496447887418
16 40 3.21592812930962
17 40 1.4222766292559055
18 40 1.018586130465456
19 40 1.0928589525464876
20 40 1.244784660414358
21 40 2.4343387519244324
22 40 2.680044638069983
23 40 2.2427529762188048
24 9 2.0743255060941035
25 40 1.5920079090129307
26 40 1.560995830248729
27 40 3.7330774999997627
28 5 1.2298645252166576
28 33 1.7262743562152854
29 40 2.728962574867814
30 40 4.449784812095411
31 40 2.2716605982809415
32 40 1.8922176292421744
33 40 1.2804212682908616
34 40 1.757880123583158
35 26 3.967381494107263
36 40 3.9541391558014594
37 40 2.905082955898503
38 40 2.4954955674939336
39 40 1.8951948113780228
41
0
18
2
0 10.0
3 10.0
1
31
2
3 10.0
4 10.0
2
23
2
0 10.0
4 10.0
3
23
1
0 10.0
4
35
5
0 10.0
1 10.0
2 10.0
3 10.0
4 10.0
5
24
2
2 10.0
4 10.0
6
17
4
0 10.0
2 10.0
3 10.0
4 10.0
7
34
2
2 10.0
4 10.0
8
28
3
1 10.0
2 10.0
4 10.0
9
3
3
0 10.0
2 10.0
4 10.0
10
24
2
1 10.0
4 10.0
11
7
4
0 10.0
1 10.0
2 10.0
4 10.0
12
7
1
2 10.0
13
19
3
0 10.0
1 10.0
2 10.0
14
28
2
1 10.0
3 10.0
15
5
3
0 10.0
2 10.0
4 10.0
16
17
5
0 10.0
1 10.0
2 10.0
3 10.0
4 10.0
17
20
2
1 10.0
3 10.0
18
20
4
0 10.0
1 10.0
2 10.0
4 10.0
19
13
3
0 10.0
2 10.0
4 10.0
20
22
1
4 10.0
21
26
3
1 10.0
3 10.0
4 10.0
22
33
2
2 10.0
4 10.0
23
36
3
0 10.0
2 10.0
4 10.0
24
34
4
0 10.0
2 10.0
3 10.0
4 10.0
25
30
3
0 10.0
1 10.0
3 10.0
26
13
2
2 10.0
4 10.0
27
22
3
0 10.0
1 10.0
3 10.0
28
22
3
1 10.0
3 10.0
4 10.0
29
22
2
0 10.0
3 10.0
30
23
2
0 10.0
4 10.0
31
24
5
0 10.0
1 10.0
2 10.0
3 10.0
4 10.0
32
5
2
0 10.0
3 10.0
33
26
3
2 10.0
3 10.0
4 10.0
34
16
3
0 10.0
2 10.0
4 10.0
35
18
2
2 10.0
3 10.0
36
20
3
0 10.0
2 10.0
4 10.0
37
24
3
0 10.0
3 10.0
4 10.0
38
13
2
3 10.0
4 10.0
39
31
3
1 10.0
2 10.0
3 10.0
40
28
3
1 10.0
3 10.0
4 10.0
70
0 1 1.8534319051070243
0 2 2.1543457238300614
0 3 1.3005420639974066
0 4 2.3715467217306996
0 5 3.6532255692862567
0 6 1.7248875534959098
0 8 1.3458523342955082
0 9 3.073912379134965
0 10 1.4081493683946866
0 12 3.7879753770671134
0 13 1.807789581989717
0 14 1.5279118099464002
0 16 1.4144695779462306
0 17 1.017510031756401
0 18 1.1335788446950508
0 19 1.7873690123002253
0 20 1.0103050766367292
0 21 1.1133773322515574
0 22 2.494129845792436
0 23 2.6868024839015527
0 25 1.6213700586022886
0 26 2.0887762855420147
0 28 1.1874709499133833
0 29 2.811733111719912
0 30 1.2963920305670424
0 31 1.6181523805497846
0 32 1.918329646908429
0 33 1.7884628648788747
0 34 2.099691006021494
0 36 1.340256918020928
0 39 1.4816087939828588
1 40 1.9418316202357209
2 40 1.5857872337785945
3 24 1.0095682673125201
4 27 1.5058630245907008
5 40 2.1021532330196617
6 40 1.066839319167269
7 35 1.3062930377495845
8 40 3.0509826400951625
9 40 2.134103099490477
10 40 1.1214213497973484
11 40 1.5861072996529781
12 40 1.318816448322109
13 40 2.2972293416973164
14 40 1.5227785562843161
15 40 1.2457458197474252
16 40 6.755751914942718
17 40 1.945293240097392
18 11 1.2813962047071934
19 40 3.3143114433852827
20 40 2.024591384699034
21 40 1.1062769020878038
22 38 1.3434275998472678
23 40 1.6725891893791274
24 40 1.8394009270578828
25 40 2.857932055989256
26 40 3.9754707821164534
27 15 1.312187271280215
28 40 2.5031029524506083
29 40 1.993251332818062
30 40 4.52826523289171
31 40 1.0066565858678362
32 37 1.245400961854073
33 40 2.221399040870785
34 40 1.5757950002021723
35 40 1.294563591087455
36 7 1.3883062305502603
37 40 4.679788795474204
38 40 2.672566643832072
39 40 1.0401293815480714
41
0
35
2
0 10.0
2 10.0
1
20
3
0 10.0
1 10.0
2 10.0
2
13
1
1 10.0
3
6
2
0 10.0
3 10.0
4
5
4
0 10.0
2 10.0
3 10.0
4 10.0
5
16
2
1 10.0
4 10.0
6
15
2
0 10.0
2 10.0
7
35
5
0 10.0
1 10.0
2 10.0
3 10.0
4 10.0
8
26
3
0 10.0
2 10.0
4 10.0
9
28
1
2 10.0
10
8
2
0 10.0
2 10.0
11
28
3
2 10.0
3 10.0
4 10.0
12
16
2
0 10.0
3 10.0
13
13
3
0 10.0
3 10.0
4 10.0
14
27
2
2 10.0
4 10.0
15
18
2
1 10.0
3 10.0
16
27
3
0 10.0
2 10.0
4 10.0
17
16
1
4 10.0
18
21
3
1 10.0
3 10.0
4 10.0
19
34
2
0 10.0
2 10.0
20
2
1
2 10.0
21
5
3
0 10.0
2 10.0
4 10.0
22
25
2
3 10.0
4 10.0
23
33
2
1 10.0
3 10.0
24
16
1
2 10.0
25
21
4
1 10.0
2 10.0
3 10.0
4 10.0
26
5
2
2 10.0
3 10.0
27
5
3
2 10.0
3 10.0
4 10.0
28
17
2
0 10.0
2 10.0
29
37
2
0 10.0
4 10.0
30
23
2
0 10.0
4 10.0
31
21
2
0 10.0
1 10.0
32
25
3
1 10.0
3 10.0
4 10.0
33
23
3
1 10.0
2 10.0
3 10.0
34
18
2
0 10.0
3 10.0
35
22
4
0 10.0
1 10.0
2 10.0
3 10.0
36
8
2
0 10.0
3 10.0
37
18
2
0 10.0
4 10.0
38
21
3
0 10.0
1 10.0
3 10.0
39
46
2
1 10.0
2 10.0
40
1
3
0 10.0
2 10.0
3 10.0
67
0 1 1.5740372247286682
0 2 1.0617524635705686
0 4 2.3145068990241224
0 5 1.9587982714613825
0 6 1.12952553531485
0 7 1.4535300294739284
0 8 2.268466198976211
0 12 3.4351945054769915
0 13 2.006592980748379
0 15 1.8979063966847094
0 17 1.3253194529545158
0 18 2.0200869862826023
0 20 1.333673678281066
0 21 2.96161794880856
0 22 3.054050081733012
0 24 1.6440723869960037
0 26 2.8789349156391943
0 27 1.2238433172495147
0 28 1.925540299309024
0 29 1.8419878635815292
0 31 1.3671590926833102
0 34 1.61543820389694
0 36 1.1034933866397763
0 37 2.4538436631905567
0 38 1.0219289893974899
0 39 2.0409731747793445
1 40 1.1889226832433646
2 40 2.9126300375259038
3 25 9.117034377709942
4 40 1.58509963026379
5 40 2.7830966423196033
6 40 1.500902435581174
7 33 1.916989571401059
8 40 2.0419162243795683
9 10 1.349037619260634
9 23 4.277173945955754
10 40 1.2467552120743535
11 25 1.3007868899527597
11 30 5.536234179802034
12 40 1.4151792412780924
13 40 3.0194847373204348
14 40 2.0164327095219208
15 19 1.3618595374149818
16 40 1.1928097451067146
17 40 1.0793229629142507
18 40 2.0045810345654993
19 14 3.998728961671053
20 40 5.245893163326221
21 40 4.037935258874729
22 30 3.73010783001867
23 35 1.448969651557197
24 16 1.3691518682460162
25 40 2.1685193434154866
26 9 4.316094315071778
27 40 2.2249449387609355
28 40 1.5601162455917081
29 40 1.5309214925039842
30 40 3.3214307434898958
31 35 1.0107768049316996
32 40 1.1703484387295555
33 40 1.0131776992613064
34 32 1.3032848779552217
35 3 4.672904103167465
36 11 1.380326817525738
37 40 1.720827471712507
38 40 2.4690833689244838
39 40 1.088302116270348
41
0
37
4
0 10.0
2 10.0
3 10.0
4 10.0
1
16
2
0 10.0
3 10.0
2
14
2
1 10.0
4 10.0
3
2
2
1 10.0
4 10.0
4
25
3
1 10.0
3 10.0
4 10.0
5
7
3
0 10.0
2 10.0
4 10.0
6
13
4
0 10.0
2 10.0
3 10.0
4 10.0
7
19
4
0 10.0
2 10.0
3 10.0
4 10.0
8
3
3
2 10.0
3 10.0
4 10.0
9
19
2
3 10.0
4 10.0
10
24
2
1 10.0
4 10.0
11
27
3
1 10.0
2 10.0
4 10.0
12
22
4
1 10.0
2 10.0
3 10.0
4 10.0
13
33
2
0 10.0
2 10.0
14
22
3
0 10.0
1 10.0
3 10.0
15
16
2
0 10.0
3 10.0
16
3
1
1 10.0
17
38
2
0 10.0
3 10.0
18
20
3
1 10.0
2 10.0
4 10.0
19
19
3
0 10.0
2 10.0
3 10.0
20
5
1
3 10.0
21
26
2
1 10.0
3 10.0
22
2
2
1 10.0
3 10.0
23
31
2
0 10.0
3 10.0
24
13
4
0 10.0
1 10.0
3 10.0
4 10.0
25
33
2
0 10.0
2 10.0
26
25
2
1 10.0
4 10.0
27
25
3
1 10.0
3 10.0
4 10.0
28
21
2
1 10.0
3 10.0
29
16
1
4 10.0
30
18
3
1 10.0
3 10.0
4 10.0
31
16
1
0 10.0
32
17
3
0 10.0
2 10.0
4 10.0
33
15
3
0 10.0
2 10.0
4 10.0
34
26
1
3 10.0
35
33
3
1 10.0
3 10.0
4 10.0
36
25
1
1 10.0
37
22
4
0 10.0
2 10.0
3 10.0
4 10.0
38
26
2
1 10.0
4 10.0
39
31
3
1 10.0
2 10.0
3 10.0
40
15
3
0 10.0
2 10.0
4 10.0
74
0 1 3.1477341886443737
0 2 1.365397279965855
0 3 1.9100460283206444
0 4 6.8500348709773276
0 5 1.2232338616117915
0 6 1.8661984800189972
0 7 1.8549889082708975
0 9 1.3561148512910752
0 10 2.461542888369123
0 11 2.156597399315597
0 14 2.6398071737276503
0 15 1.770350042268281
0 16 1.9220114184748551
0 17 1.4661633254704758
0 18 1.3367148866791418
0 19 2.370345808039634
0 21 2.7209304852792133
0 22 1.3756746116414853
0 23 1.8733817756791362
0 24 1.0501533291419045
0 25 1.5668430936372437
0 26 1.5443718207758952
0 27 1.7666613637273008
0 28 3.546278643944319
0 29 1.7942426163800465
0 30 2.076092836249693
0 31 1.0605895482444059
0 32 1.7181457787145322
0 33 2.0454566944181085
0 34 2.10641899274166
0 35 1.5058730345599298
0 36 3.1759265346475547
0 37 1.566323251448339
0 38 2.6222449911732504
1 40 2.9512769775604775
2 40 1.8333690041882929
3 40 1.6405500458920104
4 8 1.0878870244178798
5 40 1.5199912055335079
6 13 1.492151756821281
6 39 1.4321266027773154
7 40 1.6054099545314893
8 40 1.1812394089957121
9 40 2.7656700043421694
10 40 1.4420821600340594
11 40 1.981204429855027
12 40 3.513349182806758
13 40 1.3373637601327895
14 20 1.0265671140233497
15 40 1.0747668158816215
16 39 1.0262289020278195
17 40 1.0319685808783035
18 40 1.3068880375022296
19 40 1.1401468754732287
20 40 1.1470882512261265
21 40 2.69702789777378
22 40 1.9195576349231014
23 40 1.311839185655896
24 40 2.281950945216736
25 40 1.447436439197874
26 40 1.4851972802974052
27 40 2.705806184569632
28 40 3.672965706025085
29 40 7.219246900257959
30 40 1.4314491806274665
31 40 1.427683278699981
32 40 1.2002387404135222
33 40 1.3453987111118564
34 40 2.3088157254325834
35 40 1.2585255922721936
36 12 6.197610133406037
37 40 2.353131903936493
38 40 1.6769219057322537
39 40 1.840177477020301
41
0
22
1
2 10.0
1
14
2
0 10.0
3 10.0
2
25
2
3 10.0
4 10.0
3
31
2
0 10.0
3 10.0
4
24
2
2 10.0
4 10.0
5
2
2
1 10.0
4 10.0
6
3
3
0 10.0
1 10.0
2 10.0
7
37
2
0 10.0
3 10.0
8
23
3
0 10.0
3 10.0
4 10.0
9
22
2
2 10.0
4 10.0
10
26
3
1 10.0
2 10.0
4 10.0
11
31
3
1 10.0
2 10.0
3 10.0
12
35
2
1 10.0
3 10.0
13
34
1
0 10.0
14
25
1
2 10.0
15
25
2
1 10.0
4 10.0
16
24
2
3 10.0
4 10.0
17
3
3
2 10.0
3 10.0
4 10.0
18
30
3
0 10.0
2 10.0
4 10.0
19
44
1
3 10.0
20
20
1
4 10.0
21
29
4
0 10.0
1 10.0
2 10.0
3 10.0
22
22
2
1 10.0
4 10.0
23
27
1
1 10.0
24
26
1
1 10.0
25
27
4
0 10.0
2 10.0
3 10.0
4 10.0
26
28
3
0 10.0
1 10.0
4 10.0
27
13
2
0 10.0
3 10.0
28
25
1
0 10.0
29
33
3
0 10.0
1 10.0
3 10.0
30
9
4
0 10.0
2 10.0
3 10.0
4 10.0
31
24
3
0 10.0
2 10.0
3 10.0
32
4
2
0 10.0
3 10.0
33
21
2
2 10.0
4 10.0
34
2
4
0 10.0
1 10.0
2 10.0
3 10.0
35
15
2
1 10.0
2 10.0
36
5
2
1 10.0
4 10.0
37
29
2
0 10.0
3 10.0
38
8
3
0 10.0
2 10.0
3 10.0
39
21
3
0 10.0
1 10.0
3 10.0
40
24
1
2 10.0
73
0 1 2.998329263703617
0 2 1.8993995767227916
0 3 1.8502201672384821
0 4 1.0117900753171545
0 5 3.4080210135295697
0 6 1.4369177544334946
0 7 2.552440181063025
0 8 2.4546082381856724
0 9 1.2366665488829398
0 10 2.0735526774936037
0 11 1.1085803886129855
0 12 3.848133111636003
0 14 2.670725614223837
0 15 1.346519859799882
0 16 1.222318198603301
0 18 4.883302777694534
0 19 1.192183427794745
0 20 1.1539579599224519
0 21 1.3562915527574302
0 22 1.038063142645825
0 23 1.6772279339449865
0 24 2.0396412070388643
0 25 1.4759634011697385
0 27 1.1591669432836567
0 28 1.4581118129093031
0 29 2.84427437587944
0 30 1.243750772069831
0 31 2.408583746709834
0 32 1.7214720655013003
0 33 4.082816280455722
0 34 1.4853565282958714
0 36 2.7993040959757636
0 38 1.5923386963520156
0 39 1.4088928292007417
1 40 1.2525821343276966
2 40 1.6686461467024327
3 40 1.2752932456370574
4 40 1.1305599071214012
5 40 2.985764748083376
6 40 2.5864294962382126
7 40 1.7313838384666695
8 40 1.7385126458268192
9 40 1.246630357743955
10 35 1.1331559636419435
11 40 1.0759065470130234
12 40 1.4383588836642087
13 40 4.189550513282873
14 17 1.832860792785197
15 40 2.7238224441125984
16 40 1.123865036937576
17 40 1.0394925869452833
18 40 1.1881857102933937
19 40 1.3488668231055776
20 40 2.1679986593063947
21 40 2.5342860588651988
22 40 1.2306380510636306
23 40 1.0565591282445093
24 40 1.3771878963711601
25 40 3.815670018389864
26 40 2.0394808326523313
27 40 2.0084749449329955
28 26 1.6326116021413255
29 40 1.645791427169454
30 40 1.562178482199629
31 40 2.2508852896452938
32 40 1.4342419038742054
33 40 1.8712691030916244
34 40 1.3414810407340498
35 40 3.669929459605588
36 40 1.316058912956603
37 13 1.2065989235175119
38 40 1.520949356406124
39 37 1.021920727085545
41
0
26
2
1 10.0
2 10.0
1
19
3
1 10.0
2 10.0
3 10.0
2
16
3
0 10.0
1 10.0
4 10.0
3
8
3
0 10.0
1 10.0
3 10.0
4
19
3
1 10.0
2 10.0
4 10.0
5
31
4
0 10.0
1 10.0
2 10.0
3 10.0
6
31
3
0 10.0
2 10.0
3 10.0
7
4
3
0 10.0
3 10.0
4 10.0
8
28
2
0 10.0
3 10.0
9
21
2
0 10.0
2 10.0
10
21
2
1 10.0
2 10.0
11
13
2
0 10.0
2 10.0
12
22
1
1 10.0
13
21
2
1 10.0
4 10.0
14
26
1
1 10.0
15
21
3
1 10.0
3 10.0
4 10.0
16
23
2
0 10.0
1 10.0
17
25
3
0 10.0
1 10.0
2 10.0
18
31
4
0 10.0
1 10.0
2 10.0
4 10.0
19
15
1
0 10.0
20
22
3
0 10.0
1 10.0
3 10.0
21
13
3
0 10.0
1 10.0
4 10.0
22
46
2
0 10.0
3 10.0
23
23
3
1 10.0
2 10.0
4 10.0
24
29
2
3 10.0
4 10.0
25
22
1
2 10.0
26
19
4
0 10.0
1 10.0
3 10.0
4 10.0
27
28
3
0 10.0
3 10.0
4 10.0
28
25
3
1 10.0
3 10.0
4 10.0
29
17
3
0 10.0
1 10.0
3 10.0
30
28
2
2 10.0
4 10.0
31
29
3
0 10.0
2 10.0
3 10.0
32
19
5
0 10.0
1 10.0
2 10.0
3 10.0
4 10.0
33
2
3
2 10.0
3 10.0
4 10.0
34
17
2
0 10.0
3 10.0
35
24
3
1 10.0
2 10.0
3 10.0
36
26
3
0 10.0
1 10.0
4 10.0
37
19
2
1 10.0
4 10.0
38
33
3
0 10.0
1 10.0
2 10.0
39
32
3
0 10.0
3 10.0
4 10.0
40
25
2
1 10.0
3 10.0
74
0 1 1.3766807298219672
0 2 1.6249717260036443
0 3 1.005454776646877
0 4 1.179022450028635
0 5 2.1646471439584616
0 6 3.8601552088135964
0 7 2.89823356828551
0 8 1.5001674113149064
0 9 1.7873851180833358
0 10 1.097743650632047
0 11 1.3983037549221433
0 12 1.7154392167006016
0 13 2.90074728099864
0 14 1.054695292740241
0 15 1.1599709144860553
0 16 1.481412773789532
0 17 1.0170109642889948
0 19 1.5732161607411594
0 20 2.1836486404594955
0 21 1.6710777076165768
0 22 2.1464975106002773
0 24 1.1757324905821134
0 25 1.4346472029312676
0 26 3.1244631044792803
0 27 1.3285634748289044
0 28 1.4948226274790022
0 29 2.2842956694824212
0 30 3.017599286296451
0 31 1.552194168619963
0 32 1.907119069457571
0 33 2.062905793133282
0 34 2.9008401340294814
0 35 2.1623518318808834
0 36 1.5808853471190036
0 38 3.8196794286042968
1 40 1.4290047521872513
2 40 2.337575496284967
3 40 1.2484433452756343
4 40 2.5281935147383963
5 40 1.4091068957471964
6 40 4.035906774093907
7 40 1.9778830351910104
8 40 2.6017979082258265
9 40 2.5613592390061974
10 39 1.264395425727021
11 40 5.5774430376606015
12 40 1.4070706837794442
13 23 1.0508106238324508
14 40 1.0309156746756036
15 40 1.5400904470827026
16 40 1.8189070604401811
17 40 3.7962572099499465
18 40 1.160869118390879
19 40 1.347811235769083
20 40 3.9020367738985247
21 40 1.1561826720955966
22 40 1.1375737170913651
23 40 1.0566629342516616
24 40 2.9542884599079837
25 40 3.105612649796548
26 40 2.1339488076248285
27 40 1.7044583972028164
28 40 1.6945559504483239
29 40 3.0683232453324525
30 40 3.288674474875856
31 40 1.6240437151437417
32 40 3.4935799906230205
33 40 2.602487300591996
34 40 1.005834341237362
35 37 1.9013261519876026
36 40 1.1332448872149463
37 18 1.8449739058762562
38 40 2.2993243720069634
39 40 2.9448863907394567
41
0
20
2
2 10.0
3 10.0
1
24
2
0 10.0
1 10.0
2
20
2
1 10.0
2 10.0
3
34
3
0 10.0
2 10.0
4 10.0
4
39
1
4 10.0
5
37
3
0 10.0
1 10.0
2 10.0
6
21
3
1 10.0
3 10.0
4 10.0
7
26
3
0 10.0
3 10.0
4 10.0
8
8
3
0 10.0
1 10.0
4 10.0
9
2
3
2 10.0
3 10.0
4 10.0
10
23
1
2 10.0
11
6
2
1 10.0
2 10.0
12
2
3
0 10.0
1 10.0
4 10.0
13
22
1
2 10.0
14
21
5
0 10.0
1 10.0
2 10.0
3 10.0
4 10.0
15
22
1
1 10.0
16
36
2
0 10.0
4 10.0
17
2
3
2 10.0
3 10.0
4 10.0
18
17
3
1 10.0
2 10.0
4 10.0
19
30
1
1 10.0
20
14
4
0 10.0
2 10.0
3 10.0
4 10.0
21
25
2
1 10.0
3 10.0
22
25
2
1 10.0
4 10.0
23
3
4
0 10.0
2 10.0
3 10.0
4 10.0
24
7
3
0 10.0
1 10.0
3 10.0
25
27
2
2 10.0
4 10.0
26
22
3
0 10.0
1 10.0
3 10.0
27
27
1
2 10.0
28
20
3
1 10.0
3 10.0
4 10.0
29
26
3
0 10.0
2 10.0
3 10.0
30
2
4
0 10.0
2 10.0
3 10.0
4 10.0
31
26
2
0 10.0
4 10.0
32
6
1
1 10.0
33
25
2
1 10.0
4 10.0
34
4
3
1 10.0
2 10.0
4 10.0
35
17
3
0 10.0
2 10.0
4 10.0
36
2
1
0 10.0
37
34
5
0 10.0
1 10.0
2 10.0
3 10.0
4 10.0
38
28
3
2 10.0
3 10.0
4 10.0
39
7
3
0 10.0
3 10.0
4 10.0
40
32
1
0 10.0
68
0 2 1.6735973062938552
0 3 3.159027211611452
0 4 1.076430624597693
0 5 1.698891040247426
0 6 2.398279347368062
0 8 1.0421785584875913
0 9 1.102957175257047
0 11 2.0708325831939765
0 12 2.800784388910116
0 13 1.0673669469800504
0 14 1.9048152876169613
0 16 1.0207101319490486
0 19 1.5611423289769166
0 20 1.7175304362952009
0 21 2.0881813114635652
0 22 1.3256909911306396
0 23 1.540346177638999
0 24 1.5833031749006579
0 26 3.0887315398817696
0 27 1.7754624593580615
0 28 2.5495339176786045
0 30 1.1611694511543933
0 31 1.350394629701377
0 33 1.6706072290897052
0 35 1.2093181919796874
0 36 1.3017073347987174
0 37 1.6678293042529377
0 39 1.0483040118411409
1 10 1.033276056423392
2 34 2.0248391409727144
3 7 1.142771228464565
4 40 5.889746079745434
5 40 1.334745335601391
6 40 1.2128068137697552
7 40 1.4923517465721008
8 40 1.1960139625903892
9 40 1.7881029010627958
10 40 2.4402448456745174
11 15 1.1311297220371748
12 40 1.0057149391055702
13 40 1.0511595542328565
14 40 2.3308869569696955
15 18 1.121113184272535
16 40 2.049328848168515
17 40 2.6479451697405514
18 17 2.3600706202539836
19 32 1.163935606351118
20 1 1.1631429636543533
21 40 1.882778685147315
22 40 1.5322404087674406
23 40 1.1444245485201159
24 40 3.7290779270089103
25 40 2.493906146086971
26 25 1.923821145659768
27 40 1.3347985585525883
28 40 1.5449200180815579
29 40 3.4438974393988597
30 40 1.3091288492011177
31 40 1.6570782855995678
32 40 1.2364400951157233
33 40 1.0779981279493465
34 40 1.7209504877191018
35 40 2.4953608646543177
36 29 1.3612737248844302
37 40 1.945805243284057
38 1 1.1336414595758069
39 10 1.1334733768789473
39 38 2.4982099581941664
41
0
23
1
3 10.0
1
1
1
3 10.0
2
2
1
2 10.0
3
6
3
1 10.0
2 10.0
4 10.0
4
28
3
0 10.0
1 10.0
4 10.0
5
2
3
1 10.0
2 10.0
3 10.0
6
23
1
1 10.0
7
30
5
0 10.0
1 10.0
2 10.0
3 10.0
4 10.0
8
28
3
1 10.0
2 10.0
3 10.0
9
21
3
1 10.0
2 10.0
4 10.0
10
13
4
0 10.0
1 10.0
2 10.0
4 10.0
11
30
2
0 10.0
4 10.0
12
22
3
1 10.0
2 10.0
3 10.0
13
2
3
2 10.0
3 10.0
4 10.0
14
27
1
4 10.0
15
22
2
2 10.0
3 10.0
16
16
2
1 10.0
4 10.0
17
24
2
0 10.0
3 10.0
18
3
3
1 10.0
3 10.0
4 10.0
19
28
2
0 10.0
2 10.0
20
5
1
0 10.0
21
18
4
1 10.0
2 10.0
3 10.0
4 10.0
22
31
3
0 10.0
3 10.0
4 10.0
23
33
2
0 10.0
2 10.0
24
21
1
2 10.0
25
18
2
0 10.0
4 10.0
26
22
2
2 10.0
3 10.0
27
35
4
0 10.0
1 10.0
3 10.0
4 10.0
28
28
3
0 10.0
2 10.0
3 10.0
29
30
1
1 10.0
30
27
2
2 10.0
3 10.0
31
17
3
2 10.0
3 10.0
4 10.0
32
8
3
0 10.0
3 10.0
4 10.0
33
40
2
0 10.0
4 10.0
34
32
3
0 10.0
3 10.0
4 10.0
35
30
3
0 10.0
1 10.0
4 10.0
36
28
1
0 10.0
37
21
3
2 10.0
3 10.0
4 10.0
38
13
4
0 10.0
1 10.0
2 10.0
4 10.0
39
7
2
1 10.0
4 10.0
40
19
3
1 10.0
2 10.0
3 10.0
75
0 1 1.2602876977604225
0 2 2.29918499307879
0 4 3.307166024269838
0 5 4.656978359966146
0 8 1.1494792258768491
0 9 2.1498716759791887
0 10 2.82257821408973
0 11 1.4662635827929427
0 12 1.7739994724700319
0 13 3.250114646982901
0 14 1.0646253795505114
0 15 1.146131202405627
0 16 2.2840096776729286
0 17 1.2129066393349177
0 18 1.5946481557106633
0 19 1.9442175574140248
0 20 1.5613793789153072
0 21 1.8551796605566548
0 22 1.2225649659089743
0 23 1.4477978383015166
0 25 2.8430304938455633
0 26 1.0167587026620368
0 27 1.7990825960320072
0 28 1.8607895676364916
0 29 3.4146431173400065
0 30 1.6026869103889023
0 31 2.1590092841811144
0 32 2.9088752367908115
0 33 3.4940265634079237
0 34 2.7314091795330464
0 35 1.5920595605404095
0 36 1.8675582597976423
0 37 2.724892650578097
0 38 1.4628247510520151
0 39 1.7616203628447085
1 40 1.591614435549102
2 40 1.703630238598357
3 40 2.413229755368566
4 40 1.1889069433518091
5 40 1.3027791689168498
6 40 2.066032707422679
7 40 1.1998912774281048
8 40 1.3459533758197302
9 40 1.2992827688374415
10 40 1.295317495715867
11 40 1.0062078659819518
12 40 1.4718778027006663
13 40 1.0292882803641665
14 40 3.5306313182654674
15 40 1.8950589447275863
16 40 1.0637128611539117
17 40 1.671561071658958
18 7 2.829767471885243
19 40 2.7025480917734357
20 40 2.9915901311632576
21 40 1.4450215833181161
22 40 1.5473011938855414
23 40 3.364962279742981
24 40 1.2290635617488188
25 24 1.8480005215003095
26 40 1.1526136030634866
27 40 4.224632035300401
28 40 1.5762966872368187
29 40 1.0043741995089837
30 40 1.3230682137189103
31 40 2.2430418859192858
32 6 1.2301914242424485
33 40 2.251485675320132
34 40 1.257424453141787
35 40 3.0758527187003466
36 40 3.2336898789710427
37 40 1.3609384353702336
38 40 1.238893093254367
39 3 1.8773181146704747
39 7 1.127568274365204
41
0
26
3
0 10.0
1 10.0
4 10.0
1
31
1
0 10.0
2
22
2
2 10.0
3 10.0
3
2
3
1 10.0
2 10.0
3 10.0
4
16
2
0 10.0
4 10.0
5
27
4
0 10.0
1 10.0
3 10.0
4 10.0
6
22
3
0 10.0
2 10.0
4 10.0
7
29
3
0 10.0
2 10.0
3 10.0
8
19
4
0 10.0
2 10.0
3 10.0
4 10.0
9
28
2
2 10.0
3 10.0
10
1
1
1 10.0
11
24
2
1 10.0
4 10.0
12
23
1
3 10.0
13
22
3
0 10.0
1 10.0
2 10.0
14
22
1
3 10.0
15
16
1
4 10.0
16
22
4
0 10.0
1 10.0
2 10.0
4 10.0
17
28
1
0 10.0
18
21
4
1 10.0
2 10.0
3 10.0
4 10.0
19
17
5
0 10.0
1 10.0
2 10.0
3 10.0
4 10.0
20
19
1
3 10.0
21
38
4
0 10.0
2 10.0
3 10.0
4 10.0
22
16
2
2 10.0
3 10.0
23
7
3
0 10.0
1 10.0
4 10.0
24
19
2
1 10.0
4 10.0
25
17
1
4 10.0
26
33
2
0 10.0
2 10.0
27
23
2
0 10.0
4 10.0
28
15
3
0 10.0
1 10.0
3 10.0
29
28
3
0 10.0
2 10.0
3 10.0
30
25
1
4 10.0
31
15
3
0 10.0
2 10.0
4 10.0
32
13
2
1 10.0
2 10.0
33
23
3
1 10.0
2 10.0
3 10.0
34
25
3
1 10.0
2 10.0
4 10.0
35
40
2
1 10.0
3 10.0
36
21
4
0 10.0
2 10.0
3 10.0
4 10.0
37
23
3
1 10.0
2 10.0
3 10.0
38
23
2
0 10.0
4 10.0
39
32
3
0 10.0
1 10.0
2 10.0
40
19
1
3 10.0
71
0 2 2.9954468678203456
0 3 2.3223355287213003
0 5 1.3570643594399052
0 7 1.4074854802989656
0 8 2.292245591117231
0 9 1.2527434325824143
0 10 1.4612947462117192
0 11 2.5880441319457206
0 13 2.384674332496914
0 15 1.195985885176902
0 16 1.5785487482633505
0 17 2.1560909044341883
0 18 1.72155994604906
0 19 2.1961758225247556
0 20 1.8658590100827412
0 21 2.0064868437631462
0 22 3.1273843113329742
0 24 1.4526459448507458
0 25 1.7549480108089837
0 27 1.098586840034033
0 28 1.275372002271579
0 29 1.9164693598302898
0 30 2.4413073660128726
0 31 2.6757797598047324
0 32 1.36539313316104
0 34 2.4078601736075553
0 35 3.541374596055465
0 36 1.3383480070319185
0 37 1.5829723759932546
0 38 3.230638713642452
0 39 1.1819986187259355
1 40 3.8076671831812257
2 40 1.0174441431655603
3 4 1.8542702217130942
4 40 2.0616514471495426
5 40 2.7303013006541503
6 40 1.601157984659909
7 40 1.9399815668665226
8 1 1.8070178902500982
8 26 1.1102677542876822
9 40 1.9811317771573744
10 40 1.5623104322976569
11 40 2.1433892662171035
12 40 1.088606239328349
13 40 2.014049452407747
14 12 2.7634166039513666
15 40 1.47263585805079
16 40 3.019298176569142
17 40 1.4236608370590753
18 6 1.2148997065383305
19 40 2.292522654488964
20 40 1.2750160960375152
21 40 1.4128157227863192
22 40 2.6581945761210326
23 40 2.2242397759644676
24 40 2.583339260815368
25 40 1.0418935069497686
26 40 2.23244000702132
27 40 3.1305303722708606
28 23 1.8323182112262018
29 40 1.0322106049134057
30 40 1.0205371377614079
31 33 3.2758006728151674
32 40 3.215785738669363
33 14 1.0693882590942172
34 40 1.9124389253133642
35 12 2.334228178080399
36 40 1.488382051021845
37 6 1.1322283665187138
38 40 3.4464473980055086
39 40 1.6537634456913097
41
0
15
2
2 10.0
3 10.0
1
33
2
0 10.0
2 10.0
2
27
3
0 10.0
1 10.0
4 10.0
3
8
3
0 10.0
1 10.0
4 10.0
4
16
3
0 10.0
3 10.0
4 10.0
5
24
4
0 10.0
1 10.0
2 10.0
3 10.0
6
1
3
2 10.0
3 10.0
4 10.0
7
4
2
2 10.0
3 10.0
8
22
3
0 10.0
1 10.0
4 10.0
9
2
2
1 10.0
4 10.0
10
2
2
0 10.0
2 10.0
11
18
3
0 10.0
2 10.0
3 10.0
12
33
2
0 10.0
2 10.0
13
35
3
0 10.0
1 10.0
3 10.0
14
22
1
4 10.0
15
16
2
1 10.0
2 10.0
16
1
3
0 10.0
2 10.0
3 10.0
17
1
4
0 10.0
1 10.0
2 10.0
4 10.0
18
28
2
0 10.0
3 10.0
19
39
1
0 10.0
20
25
4
1 10.0
2 10.0
3 10.0
4 10.0
21
20
4
1 10.0
2 10.0
3 10.0
4 10.0
22
28
2
2 10.0
4 10.0
23
13
2
0 10.0
3 10.0
24
23
2
0 10.0
4 10.0
25
6
1
0 10.0
26
22
3
0 10.0
1 10.0
3 10.0
27
26
1
2 10.0
28
28
1
4 10.0
29
20
2
1 10.0
2 10.0
30
22
3
1 10.0
2 10.0
3 10.0
31
41
3
0 10.0
3 10.0
4 10.0
32
24
4
1 10.0
2 10.0
3 10.0
4 10.0
33
24
2
0 10.0
2 10.0
34
25
3
0 10.0
1 10.0
3 10.0
35
8
2
0 10.0
4 10.0
36
7
3
0 10.0
1 10.0
4 10.0
37
15
3
0 10.0
1 10.0
4 10.0
38
29
2
1 10.0
4 10.0
39
2
3
2 10.0
3 10.0
4 10.0
40
28
3
0 10.0
2 10.0
4 10.0
69
0 2 1.5515718905052558
0 3 1.1351567926377357
0 4 1.3479306609182182
0 6 2.5925128194081752
0 7 1.0520641057292386
0 8 1.8593859094111502
0 9 2.345611556317319
0 10 4.871055701886283
0 11 1.7329734544476008
0 12 1.5282642978026602
0 13 1.8262434327895738
0 14 2.245118261147944
0 16 1.9310229241282317
0 17 2.5845474101177377
0 18 3.0200282826915177
0 19 2.6714510517041883
0 20 1.0652064161859958
0 22 1.7827164976027405
0 23 1.0757838681046323
0 24 1.2957165133053175
0 25 1.6890842999281912
0 27 4.249156847022494
0 29 2.62843215441491
0 30 4.455138010572778
0 32 2.2495944967503534
0 33 2.578186491224371
0 35 1.0011255940831463
0 37 1.667688530373632
0 38 1.013582577239198
0 39 3.4961634962864405
1 40 1.7275751520834561
2 40 1.5142468441201795
3 40 4.565162807190248
4 21 1.843320285620245
5 34 1.226040957638096
6 40 2.0528132047613523
7 40 2.570285534242381
8 40 1.387613443211086
9 40 3.4096598815610273
10 15 1.201709542396119
11 40 2.1247121586249023
12 40 1.7188957085367034
13 40 2.4845634807775574
14 31 1.8777907391391182
15 40 2.1656341538246338
16 40 1.007452542737562
17 36 2.816502680062236
18 40 2.193740408675464
19 40 1.0774286816543095
20 40 3.3636693828204094
21 40 3.1287877971416123
22 40 1.5368025980460729
23 40 1.417299551340918
24 1 1.870852193138648
25 26 1.2911382373526528
26 28 1.6888221850059821
27 40 1.1212224256641814
28 40 3.0128170664471634
29 40 1.0895432262902318
30 40 1.0020776045825452
31 40 2.0966617237261636
32 40 1.0800529704254294
33 5 3.3604008940985195
34 40 1.1282728372673616
35 40 1.1545439768808983
36 40 2.665694021290369
37 31 1.8561931642616702
38 1 1.149106148020591
39 40 2.674278533419408
41
0
20
1
1 10.0
1
33
2
0 10.0
2 10.0
2
22
3
0 10.0
1 10.0
4 10.0
3
23
2
0 10.0
3 10.0
4
27
2
3 10.0
4 10.0
5
31
2
0 10.0
2 10.0
6
36
2
0 10.0
4 10.0
7
4
4
0 10.0
1 10.0
3 10.0
4 10.0
8
9
2
0 10.0
1 10.0
9
31
1
4 10.0
10
21
2
2 10.0
4 10.0
11
7
2
1 10.0
2 10.0
12
22
1
3 10.0
13
34
2
0 10.0
3 10.0
14
26
3
1 10.0
3 10.0
4 10.0
15
25
4
0 10.0
1 10.0
2 10.0
3 10.0
16
1
3
0 10.0
2 10.0
3 10.0
17
3
3
0 10.0
1 10.0
2 10.0
18
4
2
1 10.0
4 10.0
19
8
1
1 10.0
20
21
2
1 10.0
2 10.0
21
34
2
0 10.0
4 10.0
22
9
2
0 10.0
4 10.0
23
25
2
2 10.0
3 10.0
24
21
2
1 10.0
2 10.0
25
1
4
0 10.0
1 10.0
2 10.0
3 10.0
26
27
3
1 10.0
3 10.0
4 10.0
27
17
3
0 10.0
2 10.0
4 10.0
28
28
2
0 10.0
4 10.0
29
30
2
0 10.0
4 10.0
30
35
5
0 10.0
1 10.0
2 10.0
3 10.0
4 10.0
31
23
2
0 10.0
2 10.0
32
33
2
0 10.0
2 10.0
33
23
1
2 10.0
34
16
3
0 10.0
2 10.0
3 10.0
35
2
3
0 10.0
1 10.0
3 10.0
36
25
2
1 10.0
2 10.0
37
23
3
1 10.0
2 10.0
4 10.0
38
28
3
0 10.0
2 10.0
4 10.0
39
36
4
0 10.0
1 10.0
2 10.0
4 10.0
40
29
4
0 10.0
2 10.0
3 10.0
4 10.0
69
0 1 1.8301260386543128
0 2 1.0753298516775085
0 3 1.2939481892626241
0 4 2.5280384636392768
0 5 4.252163389954761
0 6 2.5163452055618696
0 7 1.0358039907796674
0 8 1.227187666664729
0 11 2.0337542615548836
0 12 1.1867585582782874
0 14 1.4778588465634295
0 16 2.9418115625435814
0 18 4.559357000392627
0 19 1.1840284954883762
0 20 2.247388399979649
0 21 3.0707305702054053
0 22 3.7307377511047135
0 24 1.5802655107498267
0 25 1.5671585402889638
0 26 1.9436039737162518
0 30 1.05072587693146
0 31 1.8950955678596086
0 32 2.452941215816745
0 33 2.4340012113054996
0 34 1.7213718931173938
0 35 2.187614293844038
0 36 1.399169510538798
0 37 2.828725653477679
0 39 1.4769573830595748
1 10 1.1498957894484092
2 40 1.2675712527981435
3 40 2.1274615563864048
4 23 1.13495906281181
5 17 1.150994640554244
5 29 1.8154527577595665
6 40 1.2910412947048155
7 40 2.9488219395819737
8 40 1.4035353396396384
9 40 1.5016974689544116
10 40 1.2358439556175371
11 27 2.4165421676460532
12 40 1.173716418090022
13 40 1.2790092300415155
14 40 1.6427387717114308
15 40 2.8995414731238016
16 40 1.6649249713249095
17 40 1.9758059011367526
18 40 1.653616621787208
19 40 1.454563489310157
20 28 1.1508014229018002
21 9 1.2693282616987165
22 40 1.7059240217953144
23 38 2.0716723916318287
24 40 1.0804665471667683
25 40 1.082904444211132
26 40 1.1811557221432736
27 40 1.0305370998958159
28 40 3.9364761129112447
29 40 1.1728965951515884
30 40 2.8840150281500145
31 40 1.6550082880524815
32 40 4.306984088116063
33 13 1.1488837541364945
34 40 2.080827405046285
35 40 1.2660055183169776
36 15 1.1294623519558569
37 40 1.0645047412844595
38 17 1.1147040643300743
39 40 1.202899554140039
40
0
7
3
0 10.0
3 10.0
4 10.0
1
36
2
0 10.0
3 10.0
2
31
2
0 10.0
3 10.0
3
22
3
1 10.0
2 10.0
4 10.0
4
23
1
2 10.0
5
1
3
1 10.0
2 10.0
3 10.0
6
18
3
1 10.0
3 10.0
4 10.0
7
29
2
2 10.0
3 10.0
8
26
2
2 10.0
3 10.0
9
36
3
0 10.0
2 10.0
3 10.0
10
21
2
1 10.0
4 10.0
11
31
3
0 10.0
1 10.0
4 10.0
12
1
4
0 10.0
1 10.0
2 10.0
4 10.0
13
34
3
0 10.0
3 10.0
4 10.0
14
4
3
1 10.0
2 10.0
3 10.0
15
21
2
1 10.0
2 10.0
16
2
3
2 10.0
3 10.0
4 10.0
17
10
3
0 10.0
3 10.0
4 10.0
18
26
2
2 10.0
3 10.0
19
25
3
0 10.0
2 10.0
3 10.0
20
25
5
0 10.0
1 10.0
2 10.0
3 10.0
4 10.0
21
29
3
0 10.0
1 10.0
2 10.0
22
17
3
0 10.0
3 10.0
4 10.0
23
21
4
0 10.0
2 10.0
3 10.0
4 10.0
24
24
4
0 10.0
1 10.0
3 10.0
4 10.0
25
18
3
1 10.0
3 10.0
4 10.0
26
22
1
1 10.0
27
1
1
0 10.0
28
30
4
0 10.0
1 10.0
2 10.0
4 10.0
29
19
2
2 10.0
4 10.0
30
25
3
1 10.0
2 10.0
4 10.0
31
27
4
0 10.0
2 10.0
3 10.0
4 10.0
32
8
2
1 10.0
3 10.0
33
19
2
0 10.0
1 10.0
34
23
3
1 10.0
2 10.0
4 10.0
35
12
2
0 10.0
2 10.0
36
29
3
0 10.0
2 10.0
4 10.0
37
29
2
0 10.0
2 10.0
38
23
2
1 10.0
3 10.0
39
32
3
1 10.0
2 10.0
4 10.0
71
0 1 1.1727043639879355
0 5 1.7750905015191942
0 6 1.085878141043249
0 7 1.290065427580135
0 8 1.398869979081649
0 9 1.6958903228041704
0 10 1.0313756413987227
0 11 3.932427258446745
0 12 1.6826128537762401
0 14 2.1665568490831766
0 16 1.2072404799338488
0 18 1.159370116119131
0 19 2.322879068684548
0 20 2.037408494245673
0 21 1.2120706557164491
0 22 1.4308033961215139
0 23 3.376481295860099
0 24 1.087304491437415
0 25 1.9374454361678226
0 26 2.471934116112585
0 27 1.913184786322856
0 28 2.4867370785595364
0 29 1.3789402655858856
0 30 1.6696843618741957
0 31 2.7603108069917517
0 32 1.4637102195914053
0 33 1.773823838639725
0 34 3.007494445414722
0 35 1.119520864954226
0 36 2.0835635583053076
0 37 2.704378733571352
0 38 1.0175941108795206
1 39 3.1707877660675705
2 39 2.104058054335746
3 39 1.0200798432828588
4 39 2.1143465422483017
5 39 2.813616588561427
6 3 1.9083521090026676
6 15 1.9140477129084574
7 39 1.177590367693905
8 39 2.004080871104275
9 39 1.334812017120061
10 39 3.217759179129341
11 39 1.102542486322664
12 39 1.0173122013886138
13 39 1.1038178028840102
14 39 2.6049305992751033
15 13 1.1365349144344066
16 39 1.4226795738306657
17 39 2.5898141224241877
18 39 1.5293015495966717
19 39 1.6873213537131353
20 39 1.3937756735406284
21 39 1.078093402844083
22 39 3.035315649890452
23 4 2.4871581447103868
24 39 2.13898511909688
25 17 1.144410472588093
26 39 1.7631622521253756
27 39 1.4621291240465772
28 39 2.491156160496875
29 39 2.4156976544874493
30 2 1.0454078753490714
31 39 1.27204161224837
32 39 1.0955074947880128
33 2 1.1603817553991072
34 39 1.4371984114818508
35 39 2.1022520022398092
36 39 1.6471081801371725
37 39 4.947797443382223
38 39 1.0895957858236194
40
0
15
3
1 10.0
2 10.0
3 10.0
1
21
4
1 10.0
2 10.0
3 10.0
4 10.0
2
21
1
1 10.0
3
28
4
0 10.0
1 10.0
2 10.0
4 10.0
4
18
4
0 10.0
2 10.0
3 10.0
4 10.0
5
16
3
0 10.0
2 10.0
3 10.0
6
18
4
0 10.0
1 10.0
3 10.0
4 10.0
7
1
2
0 10.0
3 10.0
8
5
3
0 10.0
3 10.0
4 10.0
9
3
2
0 10.0
4 10.0
10
16
1
4 10.0
11
16
4
0 10.0
1 10.0
2 10.0
4 10.0
12
5
3
0 10.0
1 10.0
3 10.0
13
4
1
3 10.0
14
5
5
0 10.0
1 10.0
2 10.0
3 10.0
4 10.0
15
31
2
0 10.0
2 10.0
16
14
2
0 10.0
2 10.0
17
21
2
1 10.0
3 10.0
18
17
4
0 10.0
2 10.0
3 10.0
4 10.0
19
9
3
0 10.0
2 10.0
4 10.0
20
45
3
0 10.0
3 10.0
4 10.0
21
5
3
0 10.0
3 10.0
4 10.0
22
34
3
0 10.0
2 10.0
4 10.0
23
25
2
1 10.0
4 10.0
24
30
3
0 10.0
2 10.0
4 10.0
25
23
2
1 10.0
3 10.0
26
30
4
1 10.0
2 10.0
3 10.0
4 10.0
27
1
2
2 10.0
4 10.0
28
2
3
2 10.0
3 10.0
4 10.0
29
2
3
2 10.0
3 10.0
4 10.0
30
2
3
2 10.0
3 10.0
4 10.0
31
32
2
1 10.0
3 10.0
32
28
3
0 10.0
1 10.0
3 10.0
33
32
4
0 10.0
1 10.0
2 10.0
4 10.0
34
3
2
1 10.0
3 10.0
35
15
3
1 10.0
2 10.0
4 10.0
36
34
4
0 10.0
1 10.0
3 10.0
4 10.0
37
22
3
0 10.0
3 10.0
4 10.0
38
26
2
2 10.0
3 10.0
39
26
1
3 10.0
67
0 1 1.5917822218167166
0 3 2.3424231809223777
0 4 1.2628295620973278
0 5 1.4406240117055413
0 6 1.4459324728873189
0 7 1.6339611659071953
0 8 4.396536430400797
0 9 1.4428644931417693
0 10 1.1412788464158885
0 11 1.191532883877787
0 12 1.2222742879867983
0 13 2.478007048714146
0 14 1.054762756565895
0 16 1.1293978633592288
0 17 1.915417123202414
0 18 2.2354687037745613
0 20 1.0380673970030838
0 21 3.2706947587051665
0 23 2.917645669964605
0 24 1.5341396412832484
0 26 1.6182792989554464
0 28 2.972807974254207
0 29 3.226662164069313
0 30 6.039296654586844
0 31 1.4300470031925627
0 32 2.371174032387851
0 33 1.9413195591302106
0 36 1.0752466225454544
0 37 1.103063091838674
1 38 1.0912276729685584
2 39 1.235910763954748
3 39 3.0934707056339743
4 34 3.706578112978719
5 27 1.0185185105454262
6 39 1.396833927295285
7 39 1.5028556557135053
8 39 1.2695141313511598
9 39 1.442471516357278
10 39 4.4970096462122156
11 39 3.4513649119482674
12 39 2.7497229214714016
13 39 1.9361936565752949
14 39 1.2653186434940604
15 39 2.179610086378507
16 19 1.9993257328311147
17 39 1.2823808168388189
18 39 3.609034795637079
19 39 1.5007461034782
20 35 1.0274634070733413
21 39 1.6277131965721023
22 39 2.087169855243229
23 39 1.7954412654480714
24 2 1.5095141856333054
25 39 1.2837726872487463
26 39 1.336543146206762
27 39 1.492099079940233
28 39 1.2829023394984587
29 39 2.4941945383400475
30 35 1.9937902169883308
31 39 1.868285103743109
32 15 1.0001341538324704
33 39 1.2992823701759186
34 25 1.1305163738072794
35 39 2.7906132538501986
36 22 1.6494343780872631
37 39 1.4676127764285514
38 39 1.153661778312291
40
0
21
1
2 10.0
1
8
2
0 10.0
2 10.0
2
31
2
0 10.0
3 10.0
3
22
2
1 10.0
3 10.0
4
25
2
0 10.0
3 10.0
5
26
2
2 10.0
4 10.0
6
5
3
1 10.0
2 10.0
4 10.0
7
17
4
1 10.0
2 10.0
3 10.0
4 10.0
8
17
3
0 10.0
2 10.0
4 10.0
9
20
2
2 10.0
4 10.0
10
22
1
1 10.0
11
2
3
1 10.0
3 10.0
4 10.0
12
24
2
3 10.0
4 10.0
13
1
3
1 10.0
3 10.0
4 10.0
14
31
2
0 10.0
3 10.0
15
41
2
3 10.0
4 10.0
16
18
3
0 10.0
3 10.0
4 10.0
17
28
4
0 10.0
1 10.0
2 10.0
4 10.0
18
14
2
0 10.0
3 10.0
19
18
2
1 10.0
4 10.0
20
19
2
1 10.0
3 10.0
21
1
3
1 10.0
3 10.0
4 10.0
22
15
3
0 10.0
1 10.0
3 10.0
23
3
4
0 10.0
1 10.0
3 10.0
4 10.0
24
26
2
1 10.0
4 10.0
25
14
4
0 10.0
1 10.0
2 10.0
4 10.0
26
20
4
0 10.0
1 10.0
3 10.0
4 10.0
27
16
3
0 10.0
3 10.0
4 10.0
28
31
3
0 10.0
3 10.0
4 10.0
29
26
3
0 10.0
3 10.0
4 10.0
30
7
3
1 10.0
2 10.0
4 10.0
31
32
4
0 10.0
1 10.0
3 10.0
4 10.0
32
29
3
2 10.0
3 10.0
4 10.0
33
30
4
0 10.0
1 10.0
2 10.0
4 10.0
34
20
3
1 10.0
2 10.0
3 10.0
35
22
2
1 10.0
2 10.0
36
24
1
3 10.0
37
29
3
0 10.0
1 10.0
2 10.0
38
29
1
3 10.0
39
9
2
0 10.0
2 10.0
71
0 1 1.7370802701133714
0 2 1.9689763099771667
0 3 2.0185905277878935
0 4 2.3308121106227926
0 5 2.381941694408341
0 6 1.3517160707136187
0 7 1.516949327797433
0 8 2.5076237413973455
0 9 3.1297975542495777
0 10 4.252368589201549
0 11 1.7468176683280054
0 12 1.364345290225541
0 13 2.728814558815112
0 14 2.95940720300511
0 16 6.345161811763637
0 18 1.7452221614311192
0 19 1.9588280357513193
0 21 2.078865685837413
0 22 1.0450578197850853
0 23 2.6449942710623713
0 24 1.458778305094567
0 25 1.591837220893567
0 26 1.6426549790438494
0 27 1.8226510157527782
0 28 1.3464369687439983
0 29 1.4209739464531395
0 30 1.4341673552552339
0 31 3.5130255227884684
0 32 1.0202318708583662
0 34 1.104051260035496
0 35 1.3232339814830576
0 36 1.4591809974026981
0 37 1.5955419910445476
1 39 1.4710223925378882
2 39 4.491198650877751
3 39 1.7496306034986795
4 39 1.1685687069295052
5 33 1.1299980102823797
6 39 1.5960455953065507
7 39 1.8337201221826698
8 15 1.435758984539051
9 39 1.4704480396546906
10 39 1.0372228108225752
11 39 1.1297078185310068
12 39 2.643242230805408
13 39 2.1949345018160464
14 39 2.7748405444020516
15 39 3.0347386969395203
16 39 3.7354437678913817
17 39 1.9386576532012056
18 20 1.1001272031012348
19 39 3.574315461561259
20 39 4.738182184157177
21 39 1.7283280787215702
22 39 1.0263284959321017
23 39 3.437014204203251
24 39 1.2991506916049504
25 39 1.0240862836939737
26 39 1.325911087220041
27 39 2.3290497861653634
28 39 1.7371697254810339
29 17 1.1161890831835355
30 39 1.203615981052023
31 39 1.7421777122127284
32 38 1.0883149796149696
33 39 1.1330038431286895
34 39 2.264008346184455
35 39 3.8361947483230106
36 39 1.9319827108575909
37 39 1.0623103172214985
38 39 1.1095618207394287
40
0
31
3
0 10.0
2 10.0
3 10.0
1
4
1
1 10.0
2
17
2
2 10.0
3 10.0
3
33
2
0 10.0
2 10.0
4
26
1
2 10.0
5
20
2
0 10.0
1 10.0
6
5
4
1 10.0
2 10.0
3 10.0
4 10.0
7
2
2
0 10.0
4 10.0
8
7
4
1 10.0
2 10.0
3 10.0
4 10.0
9
27
2
0 10.0
3 10.0
10
30
4
0 10.0
2 10.0
3 10.0
4 10.0
11
25
3
2 10.0
3 10.0
4 10.0
12
22
3
0 10.0
1 10.0
3 10.0
13
30
4
0 10.0
2 10.0
3 10.0
4 10.0
14
22
2
2 10.0
3 10.0
15
26
1
4 10.0
16
38
1
0 10.0
17
13
4
1 10.0
2 10.0
3 10.0
4 10.0
18
33
2
0 10.0
2 10.0
19
23
2
2 10.0
4 10.0
20
24
3
1 10.0
2 10.0
3 10.0
21
12
3
0 10.0
1 10.0
2 10.0
22
1
2
1 10.0
2 10.0
23
2
4
1 10.0
2 10.0
3 10.0
4 10.0
24
19
3
0 10.0
1 10.0
3 10.0
25
29
5
0 10.0
1 10.0
2 10.0
3 10.0
4 10.0
26
17
2
0 10.0
1 10.0
27
14
4
1 10.0
2 10.0
3 10.0
4 10.0
28
3
2
0 10.0
2 10.0
29
22
2
2 10.0
3 10.0
30
6
3
1 10.0
2 10.0
3 10.0
31
21
2
0 10.0
1 10.0
32
33
3
0 10.0
1 10.0
2 10.0
33
18
2
0 10.0
1 10.0
34
5
3
1 10.0
2 10.0
3 10.0
35
1
2
0 10.0
1 10.0
36
3
3
1 10.0
2 10.0
3 10.0
37
35
3
0 10.0
1 10.0
2 10.0
38
39
3
0 10.0
1 10.0
3 10.0
39
8
3
0 10.0
1 10.0
4 10.0
68
0 1 2.0777868614618056
0 4 3.6404158536270987
0 5 2.1995621111731607
0 7 2.1751980530389177
0 8 1.1065616281847461
0 9 1.1478667429697968
0 10 1.9505953785074044
0 11 2.2717043051937287
0 12 2.41915049793106
0 13 1.1518294120936154
0 14 1.2840770610449632
0 15 2.2530525589698547
0 16 1.688049934582281
0 17 5.0678657278690205
0 18 1.0148909733892646
0 21 1.4871920019027682
0 22 1.67355311163599
0 23 1.7173737920018761
0 24 1.0731164213209066
0 25 1.0885628134042633
0 27 1.7230876274457056
0 30 1.2916264479895438
0 31 1.3260320487309718
0 33 2.127172957680812
0 34 4.447676469644102
0 35 1.4679558013765595
0 36 1.6715875036616732
0 37 4.6430543333897365
0 38 1.0611223628819542
1 39 4.670843568719864
2 39 2.20678318056785
3 39 2.834134566881442
4 39 1.160399790038359
5 39 1.1498464079542252
6 6 1.104535169439004
6 39 1.398661435964513
7 28 1.0866123302716062
8 39 1.81247928495552
9 26 1.1002600701885925
10 39 1.6395372999186604
11 29 3.888599486797644
12 19 5.4513739765946285
13 39 2.1772798646797322
14 39 1.706880978270802
15 39 1.2033547164164549
16 3 6.170993826891874
17 39 1.4030269338173602
18 39 1.6069271953987503
19 39 3.933493439793601
20 39 3.8185442530274507
21 39 2.9331041675593577
22 39 3.209968095276738
23 39 1.998078340713319
24 32 1.611963093605973
25 39 3.6220971337600227
26 39 1.9463576632295596
27 39 1.0921951570488135
28 39 1.6875587003553951
29 2 1.61899799747234
30 20 1.786031587798535
31 39 3.9993109595833056
32 6 1.9816102058634617
33 39 1.8985633626487217
34 39 1.7899626609367743
35 39 1.0403631304325367
36 39 1.3870427409315305
37 39 2.550411794605889
38 39 1.3131978317392825
