1
102
0
23
1
4 10.0
1
22
1
2 10.0
2
28
1
1 10.0
3
22
2
1 10.0
4 10.0
4
37
1
1 10.0
5
21
1
1 10.0
6
8
1
2 10.0
7
21
1
1 10.0
8
33
1
0 10.0
9
19
1
3 10.0
10
31
1
1 10.0
11
31
1
0 10.0
12
1
1
0 10.0
13
36
1
1 10.0
14
28
1
3 10.0
15
15
1
0 10.0
16
26
2
0 10.0
2 10.0
17
22
1
4 10.0
18
19
1
0 10.0
19
6
1
2 10.0
20
24
1
0 10.0
21
24
2
1 10.0
2 10.0
22
31
1
3 10.0
23
17
1
2 10.0
24
22
1
2 10.0
25
9
1
0 10.0
26
1
1
1 10.0
27
21
1
3 10.0
28
36
1
2 10.0
29
31
1
0 10.0
30
30
1
1 10.0
31
24
2
3 10.0
4 10.0
32
31
1
2 10.0
33
2
2
0 10.0
3 10.0
34
12
1
4 10.0
35
4
1
2 10.0
36
4
1
4 10.0
37
12
1
1 10.0
38
33
2
1 10.0
2 10.0
39
5
1
4 10.0
40
28
1
2 10.0
41
36
1
1 10.0
42
20
2
0 10.0
4 10.0
43
21
1
2 10.0
44
18
1
0 10.0
45
26
1
4 10.0
46
17
1
2 10.0
47
26
1
1 10.0
48
33
1
0 10.0
49
33
2
1 10.0
2 10.0
50
20
2
0 10.0
2 10.0
51
25
1
1 10.0
52
29
1
4 10.0
53
1
1
0 10.0
54
2
2
2 10.0
4 10.0
55
25
1
4 10.0
56
20
2
2 10.0
4 10.0
57
15
1
3 10.0
58
34
2
0 10.0
1 10.0
59
22
1
2 10.0
60
16
1
1 10.0
61
4
1
3 10.0
62
3
1
0 10.0
63
26
1
2 10.0
64
15
1
4 10.0
65
37
1
0 10.0
66
8
1
1 10.0
67
28
1
4 10.0
68
21
3
0 10.0
2 10.0
4 10.0
69
14
1
1 10.0
70
24
1
1 10.0
71
7
1
0 10.0
72
31
1
2 10.0
73
30
1
3 10.0
74
21
2
0 10.0
2 10.0
75
34
1
0 10.0
76
15
1
0 10.0
77
34
1
4 10.0
78
22
1
1 10.0
79
26
1
0 10.0
80
41
1
2 10.0
81
7
1
2 10.0
82
22
1
0 10.0
83
14
1
0 10.0
84
31
2
1 10.0
2 10.0
85
25
1
2 10.0
86
29
1
0 10.0
87
18
1
4 10.0
88
2
1
4 10.0
89
27
2
1 10.0
3 10.0
90
18
1
3 10.0
91
23
1
0 10.0
92
20
2
0 10.0
3 10.0
93
1
2
0 10.0
2 10.0
94
3
1
2 10.0
95
25
2
1 10.0
4 10.0
96
22
1
2 10.0
97
25
1
4 10.0
98
25
1
2 10.0
99
21
1
3 10.0
100
27
1
2 10.0
101
20
1
4 10.0
556
0 1 10.0
1 31 10.0
1 57 10.0
2 7 10.0
2 28 10.0
2 31 10.0
2 54 10.0
2 85 10.0
2 87 10.0
2 98 10.0
2 99 10.0
3 1 10.0
3 13 10.0
3 16 10.0
3 26 10.0
3 32 10.0
3 69 10.0
3 73 10.0
3 95 10.0
4 18 10.0
4 26 10.0
4 40 10.0
4 44 10.0
4 56 10.0
4 63 10.0
4 72 10.0
4 84 10.0
4 90 10.0
4 94 10.0
5 13 10.0
5 38 10.0
5 43 10.0
5 78 10.0
5 83 10.0
5 98 10.0
6 21 10.0
6 80 10.0
6 87 10.0
6 96 10.0
7 14 10.0
7 16 10.0
7 32 10.0
7 37 10.0
7 76 10.0
7 95 10.0
8 23 10.0
8 25 10.0
8 43 10.0
8 53 10.0
8 56 10.0
8 58 10.0
9 68 10.0
9 76 10.0
9 77 10.0
9 82 10.0
9 91 10.0
10 3 10.0
10 48 10.0
10 51 10.0
10 87 10.0
10 88 10.0
10 96 10.0
11 6 10.0
11 36 10.0
12 1 10.0
12 19 10.0
12 23 10.0
12 36 10.0
12 40 10.0
12 53 10.0
12 59 10.0
13 16 10.0
13 50 10.0
13 60 10.0
14 2 10.0
14 5 10.0
14 13 10.0
14 27 10.0
14 88 10.0
15 14 10.0
15 24 10.0
15 25 10.0
15 71 10.0
15 91 10.0
16 76 10.0
17 6 10.0
17 10 10.0
17 18 10.0
17 38 10.0
17 63 10.0
17 73 10.0
17 78 10.0
17 97 10.0
17 99 10.0
18 10 10.0
18 28 10.0
19 19 10.0
19 22 10.0
19 37 10.0
19 68 10.0
19 72 10.0
19 99 10.0
20 24 10.0
20 29 10.0
20 38 10.0
20 40 10.0
20 63 10.0
21 5 10.0
21 22 10.0
21 39 10.0
21 52 10.0
21 57 10.0
21 100 10.0
22 2 10.0
22 18 10.0
22 42 10.0
22 47 10.0
22 53 10.0
22 83 10.0
23 46 10.0
23 68 10.0
23 75 10.0
23 91 10.0
24 6 10.0
24 28 10.0
24 32 10.0
24 36 10.0
24 46 10.0
24 61 10.0
24 69 10.0
24 71 10.0
24 88 10.0
25 8 10.0
25 38 10.0
26 16 10.0
26 26 10.0
26 33 10.0
26 40 10.0
26 77 10.0
26 84 10.0
26 93 10.0
27 22 10.0
27 34 10.0
28 10 10.0
28 22 10.0
28 43 10.0
28 58 10.0
28 88 10.0
29 1 10.0
29 3 10.0
29 8 10.0
29 11 10.0
29 23 10.0
29 29 10.0
29 34 10.0
29 40 10.0
29 41 10.0
29 44 10.0
29 54 10.0
29 60 10.0
29 70 10.0
29 74 10.0
29 79 10.0
29 100 10.0
30 13 10.0
30 25 10.0
30 47 10.0
30 72 10.0
30 79 10.0
30 96 10.0
31 12 10.0
31 13 10.0
31 28 10.0
31 30 10.0
31 35 10.0
31 48 10.0
31 55 10.0
31 65 10.0
31 80 10.0
31 81 10.0
31 91 10.0
32 8 10.0
32 11 10.0
32 20 10.0
32 25 10.0
32 34 10.0
32 39 10.0
32 40 10.0
32 41 10.0
32 47 10.0
32 58 10.0
32 70 10.0
32 92 10.0
33 3 10.0
33 7 10.0
33 36 10.0
33 44 10.0
33 47 10.0
33 66 10.0
33 76 10.0
33 97 10.0
34 8 10.0
34 38 10.0
34 45 10.0
34 53 10.0
34 93 10.0
35 10 10.0
35 19 10.0
35 34 10.0
35 35 10.0
35 38 10.0
35 87 10.0
35 91 10.0
36 10 10.0
36 13 10.0
36 14 10.0
36 22 10.0
36 24 10.0
36 51 10.0
37 4 10.0
37 28 10.0
37 50 10.0
37 70 10.0
37 81 10.0
37 85 10.0
38 13 10.0
38 31 10.0
38 44 10.0
38 56 10.0
38 63 10.0
38 80 10.0
39 2 10.0
39 28 10.0
39 57 10.0
40 8 10.0
40 26 10.0
40 27 10.0
40 38 10.0
40 48 10.0
40 99 10.0
41 14 10.0
41 62 10.0
41 96 10.0
42 9 10.0
42 10 10.0
42 11 10.0
42 30 10.0
42 70 10.0
42 79 10.0
42 85 10.0
42 94 10.0
43 89 10.0
43 94 10.0
44 14 10.0
44 18 10.0
44 24 10.0
44 25 10.0
44 35 10.0
44 43 10.0
45 57 10.0
45 81 10.0
45 89 10.0
46 3 10.0
46 6 10.0
46 41 10.0
46 62 10.0
46 66 10.0
46 98 10.0
47 5 10.0
47 11 10.0
47 18 10.0
47 50 10.0
47 61 10.0
47 93 10.0
48 11 10.0
48 12 10.0
48 37 10.0
48 59 10.0
48 73 10.0
48 79 10.0
48 90 10.0
48 98 10.0
49 27 10.0
49 63 10.0
49 73 10.0
49 92 10.0
50 18 10.0
50 35 10.0
50 41 10.0
50 54 10.0
50 67 10.0
50 72 10.0
50 80 10.0
50 91 10.0
51 7 10.0
51 20 10.0
51 28 10.0
51 42 10.0
51 46 10.0
51 68 10.0
51 75 10.0
52 25 10.0
52 42 10.0
52 43 10.0
52 66 10.0
52 81 10.0
52 95 10.0
53 84 10.0
54 24 10.0
54 42 10.0
54 49 10.0
54 58 10.0
54 59 10.0
54 62 10.0
54 88 10.0
55 1 10.0
55 15 10.0
55 27 10.0
55 41 10.0
55 77 10.0
55 95 10.0
56 7 10.0
56 42 10.0
56 68 10.0
57 17 10.0
57 26 10.0
57 36 10.0
57 52 10.0
57 75 10.0
57 76 10.0
57 80 10.0
57 84 10.0
58 21 10.0
58 23 10.0
58 43 10.0
58 44 10.0
58 63 10.0
59 8 10.0
59 35 10.0
59 45 10.0
59 65 10.0
59 74 10.0
59 77 10.0
59 91 10.0
60 25 10.0
60 37 10.0
60 39 10.0
60 50 10.0
60 63 10.0
60 71 10.0
61 1 10.0
61 13 10.0
61 41 10.0
61 65 10.0
62 29 10.0
62 95 10.0
63 14 10.0
63 27 10.0
63 34 10.0
64 1 10.0
64 32 10.0
64 55 10.0
64 67 10.0
64 89 10.0
65 3 10.0
65 8 10.0
65 26 10.0
65 39 10.0
65 42 10.0
65 68 10.0
65 76 10.0
66 13 10.0
66 34 10.0
66 35 10.0
66 44 10.0
66 47 10.0
66 50 10.0
66 71 10.0
67 4 10.0
67 15 10.0
67 84 10.0
67 87 10.0
68 6 10.0
68 12 10.0
68 19 10.0
68 25 10.0
68 31 10.0
68 56 10.0
68 57 10.0
68 79 10.0
68 97 10.0
68 100 10.0
69 5 10.0
69 36 10.0
69 53 10.0
69 63 10.0
69 76 10.0
69 95 10.0
70 8 10.0
70 21 10.0
70 24 10.0
70 43 10.0
70 54 10.0
70 65 10.0
70 67 10.0
70 100 10.0
71 2 10.0
71 29 10.0
71 52 10.0
71 61 10.0
71 80 10.0
71 86 10.0
71 97 10.0
71 100 10.0
72 1 10.0
72 2 10.0
72 10 10.0
72 30 10.0
72 70 10.0
73 35 10.0
73 38 10.0
73 58 10.0
73 74 10.0
73 77 10.0
73 78 10.0
73 92 10.0
74 2 10.0
74 5 10.0
74 15 10.0
74 22 10.0
74 31 10.0
74 36 10.0
74 73 10.0
75 14 10.0
75 28 10.0
75 37 10.0
75 48 10.0
75 53 10.0
75 56 10.0
75 93 10.0
76 18 10.0
76 32 10.0
76 35 10.0
76 70 10.0
76 91 10.0
77 6 10.0
77 50 10.0
77 64 10.0
77 87 10.0
77 89 10.0
77 96 10.0
78 2 10.0
78 15 10.0
78 58 10.0
78 91 10.0
79 11 10.0
79 14 10.0
79 19 10.0
79 22 10.0
79 26 10.0
79 29 10.0
79 39 10.0
79 49 10.0
79 55 10.0
79 92 10.0
80 39 10.0
80 55 10.0
80 99 10.0
81 20 10.0
81 32 10.0
81 64 10.0
81 68 10.0
82 13 10.0
82 15 10.0
82 40 10.0
82 50 10.0
82 55 10.0
82 72 10.0
82 85 10.0
83 22 10.0
83 34 10.0
83 38 10.0
83 56 10.0
83 87 10.0
84 25 10.0
84 27 10.0
84 30 10.0
84 51 10.0
84 57 10.0
84 68 10.0
84 69 10.0
85 14 10.0
85 82 10.0
86 15 10.0
86 52 10.0
86 75 10.0
87 19 10.0
87 27 10.0
87 85 10.0
88 12 10.0
88 32 10.0
88 40 10.0
89 99 10.0
90 13 10.0
90 24 10.0
90 74 10.0
91 13 10.0
91 16 10.0
91 18 10.0
91 42 10.0
91 49 10.0
91 51 10.0
91 69 10.0
91 80 10.0
92 12 10.0
92 29 10.0
93 6 10.0
93 25 10.0
93 53 10.0
93 55 10.0
94 39 10.0
94 49 10.0
94 90 10.0
94 96 10.0
95 14 10.0
95 15 10.0
95 48 10.0
95 82 10.0
96 8 10.0
96 12 10.0
96 14 10.0
96 40 10.0
96 50 10.0
96 51 10.0
96 76 10.0
96 100 10.0
97 16 10.0
97 27 10.0
97 30 10.0
97 87 10.0
98 47 10.0
98 60 10.0
98 69 10.0
98 79 10.0
99 2 10.0
99 31 10.0
99 59 10.0
99 97 10.0
100 14 10.0
100 32 10.0
100 35 10.0
100 38 10.0
100 39 10.0
100 53 10.0
100 57 10.0
100 101 10.0
