1
12
0
27
4
0 10.0
1 10.0
2 10.0
3 10.0
1
20
4
1 10.0
2 10.0
3 10.0
4 10.0
2
18
5
0 10.0
1 10.0
2 10.0
3 10.0
4 10.0
3
23
4
0 10.0
1 10.0
2 10.0
3 10.0
4
29
5
0 10.0
1 10.0
2 10.0
3 10.0
4 10.0
5
2
5
0 10.0
1 10.0
2 10.0
3 10.0
4 10.0
6
8
3
0 10.0
2 10.0
4 10.0
7
20
4
0 10.0
1 10.0
2 10.0
3 10.0
8
30
4
0 10.0
1 10.0
3 10.0
4 10.0
9
13
5
0 10.0
1 10.0
2 10.0
3 10.0
4 10.0
10
6
5
0 10.0
1 10.0
2 10.0
3 10.0
4 10.0
11
24
5
0 10.0
1 10.0
2 10.0
3 10.0
4 10.0
18
0 2 28.04212986638621
0 5 5.830212578922371
0 8 19.394532350022907
1 7 16.189887826037427
1 9 32.81460820581593
2 3 25.945768849112852
2 4 8.491866193876973
2 9 13.190880074197256
3 6 14.298984940075986
4 11 34.68458887618195
5 4 20.08347060004465
6 1 44.795914432592696
6 10 19.04940352940279
7 10 32.899725830949
8 3 17.324793632702935
8 9 28.168931689045248
9 6 22.095790716358273
10 4 24.33082609618977
