1
45
0
36
3
1 0.15841130175882334
2 24.802967870930168
3 24.572311660182294
1
27
1
1 21.64568046494793
2
22
2
0 22.03258884190877
2 20.977445798996364
3
7
1
3 27.84788540046083
4
22
3
2 16.660034296880763
3 16.522969301168153
4 24.91900401186188
5
1
1
4 19.581477272470092
6
22
3
0 27.515273248434568
1 1.2248458277398573
4 22.341147866546194
7
28
1
4 13.839929848311542
8
2
2
0 37.60247895711909
3 0.7509034837967956
9
26
2
2 22.218670238037276
3 5.807300893825328
10
23
3
0 14.384153714936554
3 1.9459930601303572
4 16.362555436170744
11
20
1
0 34.083364060911265
12
26
1
1 24.200222299604196
13
23
1
4 21.421727375092857
14
5
2
2 15.223812870892983
3 18.275438600232498
15
25
2
1 24.086955014005056
4 22.708270657024123
16
22
2
0 22.03258884190877
2 20.977445798996364
17
7
1
3 27.84788540046083
18
22
3
2 16.660034296880763
3 16.522969301168153
4 24.91900401186188
19
1
1
4 19.581477272470092
20
22
3
0 27.515273248434568
1 1.2248458277398573
4 22.341147866546194
21
28
1
4 13.839929848311542
22
2
2
0 37.60247895711909
3 0.7509034837967956
23
26
2
2 22.218670238037276
3 5.807300893825328
24
23
3
0 14.384153714936554
3 1.9459930601303572
4 16.362555436170744
25
20
1
0 34.083364060911265
26
26
1
1 24.200222299604196
27
23
1
4 21.421727375092857
28
29
2
0 22.722657842510884
2 24.790439595690636
29
22
2
0 22.03258884190877
2 20.977445798996364
30
7
1
3 27.84788540046083
31
22
3
2 16.660034296880763
3 16.522969301168153
4 24.91900401186188
32
1
1
4 19.581477272470092
33
22
3
0 27.515273248434568
1 1.2248458277398573
4 22.341147866546194
34
28
1
4 13.839929848311542
35
2
2
0 37.60247895711909
3 0.7509034837967956
36
26
2
2 22.218670238037276
3 5.807300893825328
37
23
3
0 14.384153714936554
3 1.9459930601303572
4 16.362555436170744
38
20
1
0 34.083364060911265
39
26
1
1 24.200222299604196
40
23
1
4 21.421727375092857
41
24
3
1 26.829912120589775
3 14.588529617778544
4 29.1706021309414
42
23
2
1 24.787054761541953
4 26.01428920924453
43
24
1
0 5.042656740495676
44
26
1
4 20.981625142678
235
0 1 21.560386309115923
1 9 26.877334080335803
2 2 36.44993247187897
2 4 29.657585290069502
2 6 20.178061810681374
2 9 28.383771894717146
2 10 37.799054081453704
2 15 19.734679611650783
2 19 26.892362498972748
2 25 23.91636807209076
2 26 18.263961476881615
2 42 32.066114934678865
3 11 27.399791675166657
3 12 30.220023715954387
3 33 25.65341170883807
3 40 24.066820707405284
4 4 28.06139085286904
4 8 29.152168036878702
4 27 1.222588363414923
4 38 32.90543863144745
5 3 19.925802643756292
5 7 18.03187471288235
5 8 14.658960388265708
5 15 27.91387845125632
5 19 15.124884767211862
5 23 26.53435900107054
5 29 18.0769831551571
5 32 22.440081196520907
5 41 20.07714118908865
6 5 24.008227505557194
6 6 21.453561696407597
6 10 32.270719926366255
6 11 15.248809636812625
6 17 14.813194236415576
6 18 26.082980794798893
6 21 23.562778192759197
6 34 26.09460933013757
6 41 23.950566458862266
7 7 1.1229663670187655
7 11 15.489191847498645
7 18 18.69363011202484
7 19 2.531337198031256
7 24 26.571608287140737
8 5 23.641839235391224
8 8 19.091059481348392
8 26 21.684075616114328
8 34 2.197518417184215
8 43 19.530449632140407
9 2 23.314861269005952
9 3 19.785931903530543
9 8 5.284869940359516
9 18 32.86776225301372
9 37 25.750377889013397
9 39 26.9762423885911
10 2 24.16964515422313
10 11 27.84231324552605
10 43 7.197052219334376
11 1 26.337282406424222
11 2 26.622288854488513
11 3 22.52535958991686
11 22 19.22137126652271
11 23 25.839815386994744
11 28 24.034244708402838
11 32 25.234828426986805
11 33 8.21813295854341
11 40 18.099534102010303
12 4 4.719684628199349
12 7 24.44361080665527
12 8 24.74367530477492
12 21 0.6406124030001124
12 25 31.77164223417137
12 37 22.37137521746937
12 39 23.665041328423982
13 1 28.12534631515752
13 11 14.730966739235186
13 13 27.179774369242065
13 34 26.576453960852607
14 5 22.53658147794222
14 12 26.936518579530997
14 24 23.728329212636787
14 26 31.880231834145626
14 35 1.4870655411275866
14 37 26.743510698941016
15 2 35.14527507887123
15 4 14.054788832001098
15 13 31.229067839675746
15 23 18.015430349953505
15 35 20.70884685929113
15 38 24.808247721024085
15 40 15.918887551962733
16 2 3.724995149716637
16 6 20.178061810681374
16 9 28.383771894717146
16 10 37.799054081453704
16 15 22.12207271829989
16 20 25.678014108819305
17 3 26.325815141301153
17 11 15.318360129503365
17 16 14.196770517881166
17 18 1.7415965080497138
17 26 24.264368335157073
18 8 29.152168036878702
18 15 0.490172721306525
18 23 25.496855891456207
18 33 30.780643011838634
19 7 25.72099680631575
19 8 21.848054317803467
19 14 7.231537754415785
19 26 26.319013082766972
19 29 22.254465153786565
20 4 25.94809030656011
20 11 15.248809636812625
20 18 27.05840179334884
20 22 22.185602131839204
20 26 22.684950348618745
20 27 25.767171757344038
20 30 28.303261805316016
20 34 23.881377007590444
21 11 15.489191847498645
21 17 26.23329103165918
21 23 26.900788336429482
22 5 23.641839235391224
22 10 23.83618726259892
22 35 34.40512328383809
23 3 21.61415674503655
23 6 25.577095380876212
23 8 5.284869940359516
23 15 18.155052617085595
23 17 31.65680942612401
23 22 5.379223235413636
23 26 23.592547027986136
23 32 2.5884703756759633
23 37 22.279826805
23 38 1.4205033224609043
23 39 24.76173172984059
23 42 25.23512204511185
24 9 24.18685290892959
24 11 14.226149297095162
24 19 23.676747330655445
24 36 24.204707575458627
24 37 25.61698946022556
25 1 15.95788208746216
25 3 22.52535958991686
25 31 20.233249461755364
25 37 24.78463134596007
26 1 20.716573185795927
26 4 4.719684628199349
26 9 34.254144034424336
26 17 35.089367174012835
26 31 23.376531808682095
26 34 19.474757121419817
26 35 36.065737348429664
26 40 24.938212896997793
26 42 2.9365478752304437
27 8 24.97291769939
27 10 27.120821891990143
27 22 12.293031993469821
27 35 1.470983371560262
27 39 0.022409121908177454
28 7 24.64389530671763
28 13 42.41194067651583
28 15 18.055766997421784
28 34 21.474001123441017
29 2 3.724995149716637
29 6 20.178061810681374
29 9 28.383771894717146
29 10 29.849977230152806
29 17 27.945806798419017
30 6 2.503085435324641
30 11 15.318360129503365
30 12 26.15435861430552
30 17 5.345008712666194
30 38 23.937404315949074
31 8 29.152168036878702
31 9 26.512739141448847
31 14 27.122472512641618
31 19 20.56794145668818
31 22 26.10377579657968
31 42 29.21845209156505
32 6 26.354205700574738
32 7 18.03187471288235
32 8 21.848054317803467
32 10 24.193849789412887
32 23 36.08212722475703
32 25 25.184719442258142
32 30 32.909645358428804
32 35 28.566879112288785
33 5 29.029329709930575
33 11 15.248809636812625
33 15 8.544713181181237
33 25 27.19674040100654
34 5 26.631436301874967
34 8 15.16387165597946
34 11 15.489191847498645
35 3 23.385566352879692
35 5 23.641839235391224
35 27 28.449622947410347
35 37 26.66314410544595
35 43 22.97319958275944
36 3 21.61415674503655
36 8 5.284869940359516
37 2 23.609525658911853
37 11 14.226149297095162
37 19 17.185242032734212
37 21 17.958258607082357
37 23 6.618701235323099
37 38 28.833999276144407
38 1 15.95788208746216
38 3 22.52535958991686
38 7 12.751772230426171
38 42 5.296226636930205
39 4 4.719684628199349
39 8 26.134699686595766
39 10 18.415473525793132
39 32 4.273291975500027
39 38 27.41028890900649
40 2 26.399572382519946
40 10 28.899470429257427
40 29 13.737052515913714
40 31 28.515136492876003
40 39 26.537127416462372
41 4 25.819533933324585
41 16 28.78426829193132
41 37 37.25481132746377
42 9 28.7013863358609
42 24 27.54782925090171
42 26 0.5571249268142378
43 3 19.918138124170817
43 5 22.56853175828369
43 11 27.505097094012182
43 14 26.744481583276666
43 24 14.705504285715712
43 29 19.04365648022729
43 30 19.71877105897
43 44 20.942419415745757
