1
72
0
2
1
4 4.0
1
8
1
3 6.0
2
5
1
4 6.0
3
3
1
2 4.0
4
16
1
4 3.0
5
2
1
4 8.0
6
2
1
2 4.0
7
12
1
0 7.0
8
8
1
3 6.0
9
5
1
4 6.0
10
3
1
2 4.0
11
16
1
4 3.0
12
2
1
4 8.0
13
2
1
2 4.0
14
12
1
0 7.0
15
8
1
3 6.0
16
5
1
4 6.0
17
3
1
2 4.0
18
16
1
4 3.0
19
2
1
4 8.0
20
2
1
2 4.0
21
12
1
0 7.0
22
8
1
3 6.0
23
5
1
4 6.0
24
3
1
2 4.0
25
16
1
4 3.0
26
2
1
4 8.0
27
2
1
2 4.0
28
12
1
0 7.0
29
8
1
3 6.0
30
5
1
4 6.0
31
3
1
2 4.0
32
16
1
4 3.0
33
2
1
4 8.0
34
2
1
2 4.0
35
12
1
0 7.0
36
8
1
3 6.0
37
5
1
4 6.0
38
3
1
2 4.0
39
16
1
4 3.0
40
2
1
4 8.0
41
2
1
2 4.0
42
12
1
0 7.0
43
8
1
3 6.0
44
5
1
4 6.0
45
3
1
2 4.0
46
16
1
4 3.0
47
2
1
4 8.0
48
2
1
2 4.0
49
12
1
0 7.0
50
8
1
3 6.0
51
5
1
4 6.0
52
3
1
2 4.0
53
16
1
4 3.0
54
2
1
4 8.0
55
2
1
2 4.0
56
12
1
0 7.0
57
8
1
3 6.0
58
5
1
4 6.0
59
3
1
2 4.0
60
16
1
4 3.0
61
2
1
4 8.0
62
2
1
2 4.0
63
12
1
0 7.0
64
8
1
3 6.0
65
5
1
4 6.0
66
3
1
2 4.0
67
16
1
4 3.0
68
2
1
4 8.0
69
2
1
2 4.0
70
12
1
0 7.0
71
3
1
0 5.0
1629
0 1 20.84760518592377
1 1 35.689924737571936
1 2 41.794725099769416
1 4 89.64636094914653
1 8 40.99814812873624
1 10 33.39774141739432
1 13 44.32217548991333
1 14 44.79443052598424
1 15 28.152157707951208
1 18 13.414937710639169
1 19 10.623830316822053
1 26 5.868652557474611
1 27 44.28260920315423
1 28 32.58379659029516
1 30 17.646285201791972
1 36 7.086388781284656
1 43 15.877513823029066
1 45 28.54348363372939
1 46 16.892334813453008
1 48 50.859793955004015
1 53 8.242454065602303
1 59 128.4388311185716
1 67 1.4509787842766118
1 69 9.890767115470949
2 4 2.0957432095272113
2 5 36.52150622338738
2 6 47.868167024531
2 12 2.834154058160462
2 15 10.201353098348783
2 16 17.956253035060612
2 18 83.82693644269104
2 19 26.08666598134031
2 21 66.96566694499907
2 27 22.96685599084202
2 33 34.80505570032637
2 35 31.71516339823482
2 36 1.5758640452580845
2 38 70.18732220459187
2 39 38.80853051917613
2 40 32.921391707015204
2 43 1.4356758132293272
2 47 1.6645554043131088
2 48 14.441007432057066
2 49 9.804886545832566
2 50 41.686470320776145
2 51 20.842544407598833
2 54 3.4024767119434562
2 59 38.97950482001121
2 60 51.37202458423022
2 62 25.37770732425339
2 67 22.715295547840455
2 68 56.34373423784573
2 69 59.63566585801706
3 2 10.921671910609522
3 4 44.05601311577993
3 5 35.56650079912814
3 7 93.084244699807
3 9 7.690889363149023
3 11 7.390193556969007
3 14 20.215094901422823
3 16 27.28602715884049
3 18 18.24164837259212
3 20 7.942961574431556
3 21 73.18886826969899
3 23 40.80454226329631
3 25 60.132661663636064
3 29 64.24549650012062
3 32 38.93535477351925
3 33 44.7370042052907
3 37 47.33890151936715
3 38 20.161907462922183
3 40 3.488221502181903
3 41 3.2174770514015734
3 44 9.726438710791465
3 47 19.198894012530374
3 49 29.19731532823052
3 50 58.9452154662949
3 56 52.53454337275804
3 61 57.24202264694855
3 62 106.044236845504
3 63 15.394285921943565
3 67 3.0002131152941676
3 68 4.715913362500849
3 70 5.212604137181718
4 3 32.63399253011208
4 4 47.06071104956548
4 5 9.562878516077618
4 7 21.07741114644853
4 12 1.7218569706417024
4 15 9.08401317245411
4 16 137.14762257628644
4 29 12.543407548308878
4 32 8.752044072656549
4 33 8.36882718392524
4 34 30.25057114055577
4 40 12.06360413174822
4 41 104.47563451456293
4 42 19.384279459025517
4 43 1.5592533104071746
4 44 2.8176373419642453
4 47 2.9350008683352904
4 52 86.92588375505514
4 62 32.43099638054494
4 64 25.597405856033657
5 2 46.08293912472599
5 5 77.53836345712261
5 6 51.55652413537627
5 7 3.777718464904931
5 9 59.14208039034505
5 15 4.231289055309087
5 19 20.04072083698989
5 25 12.423360851151436
5 30 71.13622663391817
5 34 45.569881620600576
5 36 21.612125081980917
5 37 33.7261925161124
5 39 36.654584971366354
5 44 33.47328993736164
5 45 152.6989569907547
5 46 24.993440677797153
5 49 14.567702421137094
5 52 128.16397536004817
5 54 9.00875718745967
5 56 15.554259151389193
5 59 6.114772866538264
5 60 49.864909014234534
5 61 86.09245863708531
5 62 13.860951297624643
5 69 11.228176493777065
6 1 4.72505773605428
6 3 5.998794941389003
6 4 17.030422722417622
6 5 6.612103797269907
6 6 55.44338489182953
6 7 14.593476954343155
6 11 62.72549605272814
6 14 4.810197455156587
6 17 306.5996839825941
6 21 15.667285058216557
6 22 16.02178688877255
6 23 20.007578284798438
6 24 2.424158222580151
6 25 12.729299120687907
6 26 9.108758622709741
6 29 8.373438400865552
6 39 29.595472167972684
6 40 39.35912781387387
6 45 29.379024246224283
6 50 45.545518953248944
6 54 54.661501756878614
6 55 34.31294835182052
6 57 43.22299192200773
6 63 80.33856280054205
6 67 7.958492524784157
6 69 13.02467321522666
7 1 21.506222834080745
7 11 54.53261506560911
7 16 55.21878669938669
7 19 25.73285246574683
7 25 27.888757270096836
7 27 55.73225532298206
7 33 23.676744040279495
7 36 34.406717440710544
7 37 7.931452198010048
7 39 44.66366318753345
7 50 23.845340666710957
7 51 58.16480044746569
7 55 86.66814328828033
7 60 9.645006153041955
7 62 59.36237069785483
7 67 6.1569223220525835
7 69 26.714666756529216
8 6 10.946506442751097
8 7 21.77233401106728
8 8 19.592600965367996
8 9 16.122213585738713
8 11 34.59435216635407
8 16 167.58367169041162
8 18 57.213531141527106
8 20 8.375825363347348
8 21 4.822459607367266
8 22 38.69366449111461
8 27 15.936490056266054
8 32 43.65365303141037
8 36 80.98845251338345
8 37 13.922041842782262
8 40 20.181646014599696
8 44 105.94921441642157
8 45 18.995003529090777
8 47 50.12395829135413
8 50 24.5129269964702
8 51 31.23427392293871
8 52 6.368364921448774
8 55 28.21163843727989
8 58 17.632087057707643
9 3 116.97601438486289
9 6 26.913522132146163
9 7 136.09509010593436
9 11 2.0957432095272113
9 12 36.52150622338738
9 13 1.2170991597672236
9 16 23.340807390992126
9 23 32.953897183472584
9 25 31.11084572638597
9 27 58.53412723196628
9 29 29.211426644368615
9 32 78.23432746249843
9 33 73.66971873693328
9 34 9.166721320398132
9 39 61.393146035443266
9 43 117.04859430663055
9 46 44.33444851030085
9 49 21.13850568957958
9 51 6.582586901368496
9 52 24.6411877902746
9 53 34.52593389998704
9 57 20.088099122862204
9 64 32.35429568160065
9 65 14.996852129138379
9 66 9.487529124616698
9 68 20.517497176877253
10 6 4.340551305817541
10 9 10.921671910609522
10 11 8.443056120877612
10 12 35.56650079912814
10 14 74.47938736022222
10 16 43.1027947772118
10 18 63.04737763683653
10 19 5.44056622653723
10 23 5.056110674248557
10 24 10.058399604541306
10 26 10.687250732065646
10 31 22.32287182340087
10 33 6.759264222015933
10 35 23.860350622982917
10 37 20.961154931758966
10 42 7.264993151197504
10 44 120.23121981355591
10 48 50.0971832679664
10 52 81.88361191696258
10 59 51.53640387319778
10 64 61.963609854640005
11 1 41.19703825377583
11 3 33.76735025453485
11 5 3.040753709453387
11 7 163.73567886160558
11 10 32.63399253011208
11 11 47.06071104956548
11 12 9.562878516077618
11 13 45.306653848436085
11 21 11.948211183335209
11 31 6.910192444020934
11 36 52.57739866043213
11 39 18.320996470044825
11 46 36.916124701481735
11 47 15.792239798087438
11 48 20.144691913066698
11 51 14.45173381776736
11 52 63.07303726257898
11 55 12.455590837251936
11 57 13.944065358979046
11 58 9.88179060793843
11 64 43.755977634512384
11 65 11.3589315449253
11 66 46.025190511264
11 68 99.86999300061933
11 69 59.16661376166423
12 1 9.010878586277864
12 3 2.28941881046063
12 9 107.38434717786996
12 13 51.55652413537627
12 18 39.27982536440556
12 23 65.72908213824735
12 24 8.762767316653585
12 25 41.063813928583855
12 28 53.58929770532126
12 33 26.46849449974666
12 36 4.4597597232347805
12 40 37.18678684392572
12 44 2.301875868569944
12 47 3.041932313129734
12 58 13.187437175224575
12 59 12.996164986516613
12 61 12.533402637630171
12 65 53.600079931577866
12 69 41.9279393623697
13 5 8.810130596130245
13 10 5.998794941389003
13 12 6.612103797269907
13 13 27.072273426775293
13 14 22.459493500278487
13 17 105.64593762132188
13 18 8.155544714307515
13 21 20.6362621638812
13 23 43.22748679829583
13 28 91.6119874035447
13 31 120.74042007617038
13 32 5.427808130437569
13 33 8.845858169385648
13 36 92.4512519279441
13 37 15.75244269205702
13 43 2.8645981434881764
13 44 48.5041150553943
13 51 11.321821413856945
13 52 58.07690224934403
13 59 4.940101772456337
13 66 3.365873832299519
13 70 32.06691400950912
14 1 38.337452047867224
14 2 60.93849536543378
14 3 5.902921278335218
14 7 2.9878091876148227
14 10 105.1911169104826
14 11 30.257488680829564
14 12 13.49140615218367
14 14 27.35141795073401
14 16 6.000463678894512
14 18 42.99596981600406
14 21 62.622342304447656
14 27 8.450049441671297
14 28 17.652742494771868
14 29 20.703358713709864
14 30 25.854846998220598
14 31 7.233265094537666
14 33 53.17888832070562
14 35 2.971307963034503
14 40 56.828883656962375
14 41 15.842845528360378
14 43 1.7569289333293054
14 44 13.914019685358108
14 49 8.188860133134515
14 51 42.47859596559936
14 53 11.9834092258358
14 54 19.497132347183054
14 55 8.876007351068669
14 57 85.03459533561382
14 58 50.181409730044344
15 2 23.674039809484114
15 4 2.364893397017163
15 6 3.454237410632353
15 7 2.8968489941357793
15 10 22.593650050689952
15 12 71.36476281006017
15 15 24.30580720526878
15 16 16.122213585738713
15 20 9.25028636236047
15 21 53.416005730211495
15 28 61.04080247193724
15 35 15.608375611356271
15 48 12.780094310064161
15 50 13.029067559008071
15 51 25.32438209151658
15 53 62.747307763202315
15 56 14.444697501355197
15 61 28.93483805832036
15 62 65.76373836773057
15 64 8.142945711997836
16 5 63.062250750365884
16 6 150.9255589212689
16 11 67.15560720026066
16 14 15.15999367801199
16 18 2.0957432095272113
16 19 69.02657375515422
16 20 47.868167024531
16 21 40.09112497890159
16 25 4.826773288341119
16 29 50.014859174642204
16 31 24.37827994449783
16 32 20.62346619279261
16 33 39.00209265749876
16 36 45.272877133078495
16 40 29.22824052614336
16 41 5.703793504671009
16 42 7.739374967206087
16 46 45.26605648902583
16 47 10.508829587113926
16 55 2.4699393200819104
16 57 33.92873455366884
16 58 11.8853899058219
16 59 2.3310401279717374
16 62 47.646190053986146
16 63 16.179128891250322
16 66 93.82763497030336
16 67 10.272533169781354
17 2 5.634865044244687
17 3 48.5581212014939
17 4 35.420577018905924
17 6 26.545998636118416
17 16 10.921671910609522
17 18 21.589392328009925
17 19 35.56650079912814
17 20 30.588258327753216
17 22 49.723665696408176
17 24 11.815507485875044
17 25 183.13372308695597
17 29 45.67478101829206
17 35 1.95134924682102
17 37 9.567548996756926
17 40 6.290410380544616
17 42 40.105912170871676
17 43 19.269019850811247
17 44 41.88562001876102
17 45 1.199215452976695
17 46 15.821751391572285
17 47 54.812902282773194
17 53 61.97320437122196
17 55 10.710071936523029
17 58 4.594391304052677
17 62 7.523857634847991
17 69 50.68609764622555
18 4 6.937618793386238
18 6 5.95355029284492
18 14 47.92228076040837
18 17 43.94942437955536
18 18 21.405868611276258
18 19 9.562878516077618
18 21 18.825897416134623
18 22 11.81102166776168
18 23 109.4096074627792
18 24 19.017858928567904
18 29 20.40928853801755
18 31 38.633298580598726
18 36 93.32246278683819
18 38 22.528242955927094
18 39 12.092514820224688
18 40 26.685432545744256
18 42 78.41654355907053
18 51 16.820042959846404
18 54 5.9894482012175745
18 57 9.723638752012642
18 66 135.220212132886
18 70 17.053016698942688
19 1 7.7287449737688645
19 8 47.15477533239077
19 12 88.93707600931653
19 13 34.77238401476061
19 14 78.3137081066438
19 16 107.38434717786996
19 17 23.546386035166602
19 19 22.25917586700747
19 20 51.55652413537627
19 24 28.871094999449227
19 25 12.662918994570589
19 32 10.240955869023495
19 33 43.09180553926112
19 44 16.95458059439865
19 48 1.7031362153334946
19 52 7.866678347228495
19 54 13.18272218041581
19 57 56.354461934451855
19 59 35.07016763599317
19 62 57.30555543111877
19 63 143.41770903884142
19 70 18.171584003431764
20 10 161.57949128694065
20 13 13.375658625423732
20 16 24.925356946073045
20 17 5.998794941389003
20 19 6.612103797269907
20 20 3.4843570276930267
20 21 16.65279703073037
20 25 47.687449765066866
20 29 12.67094252605385
20 32 51.23139415724107
20 33 3.2000494769168246
20 34 15.85847074271631
20 37 2.343103734451093
20 42 57.24396356686248
20 43 51.10166807763563
20 44 14.574071008029419
20 46 22.819674929702167
20 52 53.16882855408041
20 53 63.310308147729216
20 54 13.524239302601227
20 56 143.35705728364871
20 60 28.503009281806072
20 65 27.366435468087268
20 67 9.112812997939239
20 70 59.76733053294998
21 2 73.10014283236941
21 11 4.759768932228777
21 14 69.77477231511703
21 15 11.231022624853658
21 19 18.845796127554397
21 21 10.953448543647674
21 23 76.42247865990191
21 24 4.976846728615191
21 27 1.8540950068178839
21 37 34.13705842143529
21 38 83.07523191412223
21 39 9.890957320434588
21 45 37.46512798135577
21 46 69.69487398942564
21 50 18.946122782847183
21 51 33.70176460215215
21 53 4.982325642956825
21 54 20.617976306824556
21 56 91.03538292190129
21 61 56.30894565381152
21 64 7.050667518694814
21 65 26.733807230068244
21 68 10.29971837429395
22 1 86.64825340378383
22 3 51.17943863636851
22 6 10.878989593875765
22 11 68.02280484439156
22 17 31.184066390640726
22 19 3.4432280985861468
22 20 50.90570955645921
22 23 16.122213585738713
22 27 15.409137618026222
22 28 22.90763780136526
22 29 22.42553844316909
22 30 17.460916114635303
22 31 11.084715827835359
22 32 77.90793052962412
22 37 24.659270139877684
22 40 2.5917590663361745
22 42 70.6328049859988
22 44 23.075921469586035
22 46 55.070936068597014
22 49 28.333705054915434
22 54 17.270315374149476
22 55 8.662401490878661
22 61 3.4438078048411183
23 1 9.183848814040632
23 4 15.672792626147473
23 7 113.45432673111402
23 8 41.30381727274556
23 9 28.158838471963282
23 16 4.987221661878651
23 17 48.476815557734156
23 22 17.982145949573194
23 23 93.63521465592467
23 25 2.0957432095272113
23 26 36.52150622338738
23 27 47.868167024531
23 33 24.089050901646615
23 45 25.07143175638574
23 46 1.7127761887765691
23 50 95.75500560455488
23 51 3.6511554664254287
23 54 23.016409692994976
23 62 15.695917381348284
23 66 34.01537131631966
23 68 44.43200004583515
24 3 15.23718925545392
24 14 13.24078312376084
24 15 81.1655877508261
24 16 31.949032534221082
24 17 103.62053971656199
24 20 1.5286399755375648
24 23 42.50112056970816
24 25 43.97673416205022
24 26 35.56650079912814
24 27 10.009367559616411
24 33 41.98501957015522
24 34 9.8208050488549
24 35 139.14718740000623
24 37 24.783077743663213
24 51 52.52031450922393
24 57 45.34347737319422
24 59 43.37859406216165
24 64 58.69720860204871
24 67 66.90825431140881
24 68 31.797583723858818
24 69 14.32873745092634
24 70 39.91418846203067
25 14 10.660996805375156
25 15 38.43774876004339
25 16 21.18910911701113
25 17 85.97444040603125
25 18 144.71303634379086
25 24 12.6014888811306
25 25 22.64557307334953
25 26 9.562878516077618
25 33 3.762289239533981
25 40 22.950037279408537
25 42 21.89303922467839
25 51 24.32033395756639
25 54 27.741967543061687
25 56 43.5316652756679
25 57 84.21850599975818
25 58 118.81205612701744
25 60 18.874974666111083
25 63 180.4254835470434
25 66 37.009102552964485
25 69 23.687857053115703
26 9 11.404381418697728
26 10 5.576617659567753
26 14 28.664297504535504
26 18 119.08172992609315
26 20 88.86959372625452
26 22 6.6798779562058135
26 23 107.38434717786996
26 27 51.55652413537627
26 30 67.09681912535967
26 31 31.539032713026234
26 33 2.3842739979942307
26 34 33.10817112941801
26 35 39.246022346508646
26 37 11.810058417566017
26 39 13.711534268737203
26 40 118.71662349584257
26 43 8.92673779663444
26 45 11.418212869837294
26 47 15.907355420244247
26 48 3.1159497440937574
26 49 35.012434836227136
26 52 25.65852028118184
26 55 22.186973509590217
26 57 45.493406017711955
26 61 21.26540367513884
26 67 44.67189649246946
26 68 8.124721970465025
27 4 86.42988936667724
27 9 2.013080139619898
27 13 48.93962054094861
27 16 69.94860351551746
27 17 38.392150116513875
27 24 5.998794941389003
27 25 28.44549214440937
27 26 6.612103797269907
27 27 9.628450201815127
27 28 16.65279703073037
27 29 1.5679547874839272
27 33 14.359171797689937
27 34 43.60832990949386
27 37 27.0174741547349
27 38 23.07781719556284
27 39 83.90180069680848
27 42 45.612578356664706
27 44 66.1012943758147
27 45 14.435447862118844
27 50 13.440772611231441
27 51 26.82502265758303
27 53 91.4206612229586
27 55 71.91294836753454
27 57 26.95306886948244
27 58 117.01444343462451
27 62 15.208990253445469
27 67 6.912085867874555
28 2 49.244240497370306
28 4 65.35050501906497
28 12 12.299707672329223
28 13 22.73484920761657
28 15 26.776013231790138
28 22 10.768251717603889
28 24 39.56552005384582
28 30 25.83124890184103
28 32 48.920438103599444
28 34 13.456298299968925
28 39 13.76822486840451
28 45 112.82314836604728
28 46 38.991832179112016
28 51 15.792817132553008
28 53 23.877647079488035
28 55 5.20740491567347
28 57 36.679712751212406
28 60 21.112995448971727
28 61 2.3345602730791417
28 65 4.8527829360376025
28 66 161.78424724551962
28 67 12.373315051298981
29 3 3.025654991207572
29 6 9.437963414536862
29 7 32.116963213157035
29 9 2.219449288270298
29 10 3.1218543730431416
29 15 16.456200801810994
29 19 1.4006433892554022
29 23 26.977743939826095
29 29 27.910911945483164
29 30 16.122213585738713
29 38 9.725485170225118
29 40 39.870720910740566
29 42 28.12240894262659
29 46 19.093563682171773
29 47 28.432575590639978
29 49 5.450931542120803
29 51 5.277296616457623
29 57 81.96179000028532
29 58 40.59909459563035
29 62 8.660134822312603
29 63 69.25965619807886
29 65 23.919127426332786
29 69 59.04063454947509
29 70 40.638254851052444
30 3 37.9555890594022
30 4 100.45547394448397
30 7 62.99412342975192
30 9 6.473298107773748
30 14 3.4209882412633648
30 16 9.95653362046286
30 17 41.1421654162669
30 19 41.66648318543619
30 26 11.477758685223131
30 28 49.696536174544796
30 32 2.0957432095272113
30 33 36.52150622338738
30 34 47.868167024531
30 35 3.675407621878347
30 37 30.846538136516507
30 42 4.48819109883989
30 46 12.10368690266089
30 49 5.154445183846793
30 52 34.652030172772754
30 56 43.940585045192506
30 63 32.54221689953113
30 64 2.7136421809421813
30 70 35.0589067613445
31 1 46.11211754374834
31 2 10.072239285978112
31 3 17.904225893099927
31 5 10.089416495047276
31 7 23.41790291389981
31 8 62.54764394518953
31 14 4.97096752916709
31 19 10.82832487086957
31 24 1.127371115914535
31 25 6.568328208859987
31 26 40.513388820596134
31 30 37.28326407854712
31 31 17.638824652238437
31 32 24.935759571723064
31 33 35.56650079912814
31 35 47.56479103648575
31 36 162.84914148235467
31 43 54.28062757943185
31 46 13.964836667513389
31 47 19.8107161527597
31 49 1.6852115313464433
31 53 15.806046926472051
31 55 15.181889452702315
31 58 27.63453687512008
31 62 25.31227052052849
31 68 12.32737983420989
31 69 4.732963816884407
32 1 36.91409041494601
32 4 40.000745594341616
32 5 44.691129161186005
32 8 5.511826411500951
32 22 26.296620864857918
32 28 21.651882363290955
32 29 33.853553593467936
32 31 32.63399253011208
32 32 2.333239291423018
32 33 9.562878516077618
32 37 1.3912673908113131
32 38 13.643401682399082
32 39 36.047646686549015
32 40 12.099984864132013
32 41 16.56743590075067
32 42 31.30202496639342
32 44 41.29112673802061
32 46 39.548837726352346
32 50 61.57626963963608
32 53 11.881973917961691
32 63 8.164920954116472
32 65 8.928844663466883
32 66 25.276871338875065
32 67 29.722212256161317
32 70 6.191218732793263
33 3 18.13760141923658
33 8 51.52782032009307
33 9 14.323669263259143
33 10 50.95210292960547
33 25 10.905784436018992
33 28 13.814362238478928
33 30 64.68371992358836
33 33 180.51678727516148
33 34 51.55652413537627
33 41 32.961982155100685
33 45 2.6122847741420587
33 49 34.568520731443314
33 51 84.26257370640359
33 52 1.1405392018894036
33 53 9.255256983724738
33 55 12.036844020683812
33 57 14.735212035262238
33 60 2.073911242357484
33 61 38.1089536317297
33 67 21.87116040534833
33 68 13.239611791687746
33 70 37.60558943167282
34 2 13.252591109850053
34 4 33.63535799207291
34 6 68.6088273558769
34 12 92.73778267843866
34 22 92.54416316924113
34 24 7.326032423358578
34 25 57.48935887275249
34 26 69.54493351408766
34 30 21.411819109141884
34 31 5.998794941389003
34 33 48.978604494303205
34 34 55.44338489182953
34 35 16.65279703073037
34 37 12.537882985715969
34 40 9.716401514799184
34 46 41.63651675913355
34 47 16.65060456914687
34 48 38.65618525192921
34 49 80.376481890663
34 57 5.935356309022935
34 61 8.276466085344605
34 62 44.053836732506255
34 64 3.4506683849719146
35 1 11.695389824982577
35 3 166.96295484443664
35 4 33.06698036186446
35 6 59.82439216276748
35 8 46.124244999378085
35 13 2.5277869293078314
35 14 6.220691657186146
35 18 1.8070057648694788
35 19 4.71364202724048
35 20 4.929418385300063
35 21 12.781752276077668
35 28 7.360487120139488
35 29 4.970489620379567
35 37 33.87379523892532
35 38 18.74836584568613
35 39 22.22127323931148
35 42 13.386784651370995
35 45 10.33381860756912
35 47 4.681631454244281
35 50 106.48173673941791
35 51 17.95471120128159
35 53 12.063635593471853
35 54 11.112985350469256
35 55 14.891596157475668
35 59 21.168942629694868
35 60 6.000405418240381
35 61 19.633807018798382
35 67 121.45183486411376
35 68 32.64510654832949
35 70 6.795635989908931
36 7 7.496252005375537
36 8 59.9053239811154
36 11 37.60457696542131
36 13 77.60086117828047
36 14 52.549850782070195
36 21 13.57757089772936
36 22 12.172888073309231
36 24 23.144332865916613
36 27 88.32496552719229
36 30 40.653166165215296
36 36 36.76924819513492
36 37 58.39092310539555
36 40 7.3148805425922685
36 43 23.474146715767645
36 47 64.25818004866473
36 49 10.420207230044639
36 53 13.44997443879277
36 55 5.764210553034777
36 62 88.54603614618273
36 70 36.26274121375047
37 2 46.51952996384358
37 5 55.166938961808896
37 13 7.192917359311932
37 15 33.001150448669506
37 25 5.140570483796131
37 28 6.42145137787847
37 29 68.61863036541041
37 37 1.0861834673416966
37 39 2.0957432095272113
37 40 2.083507936453179
37 41 31.138965559369492
37 44 34.814308712897976
37 47 9.496500435245835
37 51 74.28883302995197
37 56 6.508363470931375
37 62 69.57748644779608
37 64 53.810384044887336
38 1 62.27622839630869
38 2 1.0026353461611353
38 3 50.68921724951521
38 6 32.35335655594632
38 7 2.2392001014035974
38 11 21.742337454400516
38 13 29.05187239352378
38 15 32.10064778075059
38 17 107.7906208014363
38 19 22.370018281062574
38 20 77.61276481189192
38 24 7.579913262803009
38 25 47.48112595430273
38 30 48.34833927556068
38 31 57.528300583800544
38 34 94.90606335108616
38 35 13.715667004840663
38 37 10.921671910609522
38 39 8.443056120877612
38 40 35.56650079912814
38 47 16.24669749141438
38 51 10.118068056650882
38 55 8.212784457708352
38 58 50.9441759072574
38 60 23.394040827289043
38 62 27.264055099579778
38 63 10.303803761137274
38 67 11.533556247370415
39 13 49.82846825489127
39 14 12.234242954873618
39 15 1.5599179451779204
39 16 4.28229313104814
39 18 64.79046498198834
39 26 15.701510755408338
39 29 36.479563280136674
39 37 5.92196566105844
39 38 32.63399253011208
39 39 42.392835155120096
39 40 9.562878516077618
39 41 24.20850540013844
39 53 28.65446154450825
39 56 85.08408298242524
39 58 3.74785652162136
39 63 5.289468992238959
39 65 37.7563783235262
39 67 35.821679272292506
39 68 10.401905433502387
40 1 20.677323056704466
40 15 26.162902642355505
40 16 55.84774154177133
40 18 14.410708850842443
40 23 137.8799330063814
40 24 10.903260503718975
40 25 13.165229725762053
40 26 3.473143273418889
40 29 39.39632952833023
40 30 15.172053148794525
40 31 6.24359798697366
40 35 4.589439106236614
40 37 65.80455984233316
40 38 12.148461791328385
40 41 51.55652413537627
40 47 22.311831773116374
40 49 12.537155040082682
40 59 8.743168694139081
40 62 8.904120362896457
40 63 21.00600194741968
40 67 9.114181448724468
41 2 2.496316852812188
41 3 16.03653947556059
41 4 3.0883347554006964
41 7 1.912233775689137
41 8 7.657600489409899
41 11 3.6421098022937284
41 12 173.1694195765405
41 20 6.154292710426284
41 27 48.57561555027263
41 30 59.000773405334314
41 31 2.2945243464025875
41 34 34.77633651215679
41 38 5.998794941389003
41 40 6.612103797269907
41 41 55.44338489182953
41 42 6.209658293549484
41 43 25.91233178684821
41 48 10.843886218411912
41 52 37.502513323055304
41 54 31.00156001785818
41 62 27.46373957483635
42 2 14.372941858785676
42 3 23.29569423102523
42 10 22.578365047634723
42 12 53.00098323996483
42 13 28.716260684423162
42 15 33.73842744574042
42 17 135.90283352614117
42 19 43.67301230742497
42 21 58.18386924451538
42 27 25.33754221155902
42 31 10.917554351806059
42 33 41.39021973075891
42 37 23.750096485384578
42 40 35.60080069958858
42 41 2.8917403095476315
42 44 83.36002618643342
42 51 23.311061964210364
42 53 4.264310515094996
42 54 12.578581159038198
42 55 10.213069620784493
42 59 22.975172962632804
42 61 12.96310328547642
42 68 25.094715320675785
42 69 65.26371346972054
42 70 31.195123571883332
43 3 1.8870606581033926
43 4 4.793484251298797
43 5 3.294408582644241
43 6 18.304134357034638
43 9 73.05418471048928
43 11 9.278296293166793
43 12 41.07127448956271
43 20 11.9390957149535
43 23 54.86835597347665
43 25 50.863515314233055
43 26 13.315376360986226
43 27 12.419949088610824
43 28 24.954953878431937
43 29 7.923135141626057
43 30 40.03518506168973
43 31 24.407257736427137
43 36 16.018879295381275
43 40 32.08016651802991
43 43 70.38142503938437
43 44 16.122213585738713
43 47 18.032943332090476
43 52 22.86775997918531
43 54 5.366858980983635
43 62 9.610099340939465
43 65 2.19620477897574
43 66 22.773421988836606
43 67 55.63561737052606
44 3 18.111935622647724
44 4 1.1955084906441074
44 8 2.24004427727756
44 9 18.188717135674118
44 10 16.249113557552068
44 11 129.3571959014953
44 13 94.713473017998
44 20 31.48387250375973
44 22 48.32290899172962
44 24 4.548578079082791
44 26 24.353789772316336
44 32 113.00223989691085
44 33 77.03027484268341
44 34 30.576782262424857
44 35 47.673706217599204
44 39 3.061447919939022
44 40 6.960739353489188
44 44 41.956917945833226
44 46 2.0957432095272113
44 47 28.510476486395287
44 48 47.868167024531
44 60 97.2107923721557
44 61 111.38436619085394
44 65 19.428276195987262
44 68 34.752574136405826
44 69 47.516263313974854
44 70 43.378057012753146
45 2 13.529267160940968
45 4 12.530695157399647
45 12 106.87009562851784
45 17 10.09161829543455
45 22 1.9436963595841816
45 27 46.02313184702783
45 28 21.135299560859547
45 33 1.5122420903498566
45 34 6.772616987398966
45 35 43.50996515231864
45 40 48.965573832942745
45 42 19.495690012588536
45 44 10.921671910609522
45 46 8.443056120877612
45 47 35.56650079912814
45 48 45.75486437149129
45 50 3.128235359372001
45 51 29.537282152721772
45 54 22.948112236734026
45 55 87.5021710952616
45 58 13.943769429522174
45 61 65.89608487482629
45 63 65.40224186297328
46 2 13.105702856384491
46 4 4.716064295023153
46 5 29.718810195112727
46 6 34.18769111303989
46 7 1.1343294515231652
46 11 53.3174241756629
46 16 10.155979678302923
46 22 49.960642123458726
46 31 7.421814698015644
46 40 112.30013429324258
46 45 32.63399253011208
46 46 47.06071104956548
46 47 9.562878516077618
46 51 31.200264867431116
46 52 10.588782467584958
46 53 13.998508280756672
46 54 14.021317651925562
46 56 14.45113649104039
46 58 84.82846504597994
46 59 80.01232596792894
46 60 28.75307292633206
46 66 30.77531100114066
46 68 10.459471456183598
47 5 28.078249056765227
47 9 60.65076665291895
47 10 3.9246977271865986
47 11 24.477823712574537
47 15 15.160237911962659
47 17 8.63796383450877
47 19 10.308651092025194
47 21 17.71160510946723
47 22 56.247575232227554
47 25 33.65352352541562
47 26 60.166139248166026
47 31 58.2815728439288
47 32 10.858852818203259
47 34 41.22332871139547
47 36 7.10291468059307
47 41 1.2372659733617997
47 44 107.38434717786996
47 48 51.55652413537627
47 60 1.8873695499638095
47 65 40.54288285883008
47 66 6.4649805998091585
47 68 18.630310361099166
47 69 21.24010012112704
47 70 43.77327710880697
48 1 10.16611743254965
48 4 4.095833510415758
48 8 4.163374871225957
48 12 94.40961299791978
48 14 10.912838676091692
48 16 27.91021478573432
48 26 105.41330130918878
48 28 76.06118951269518
48 31 112.66247642865673
48 34 41.58292311629757
48 39 61.744960132200454
48 41 44.303471467370514
48 42 7.467252852676857
48 45 5.998794941389003
48 47 3.8826448242017833
48 48 5.274793159743698
48 49 16.65279703073037
48 50 2.3840056528356053
48 55 6.176783963576265
48 56 21.88045295675309
48 57 55.20091731078313
48 59 3.3775273029973687
48 60 23.24385218161211
48 61 61.612973929972824
48 63 8.141385907841315
48 69 13.505427078639189
48 70 2.449611056186782
49 5 33.171125774641546
49 6 88.85222489142909
49 11 14.85977924625961
49 14 83.19240731063279
49 16 50.26056229653923
49 17 86.44040290796619
49 21 48.42593098685858
49 22 10.528825677448316
49 29 20.905803567110357
49 35 56.124468149093204
49 36 31.464931675695148
49 57 75.4623333040256
49 58 14.917158932346782
49 59 36.26322881151619
49 61 12.166910664224913
49 64 3.4213040727745185
49 68 135.44758170538583
50 3 4.667216981747751
50 4 12.84623558907077
50 6 19.66571963079899
50 11 105.34079389752218
50 22 57.894551657533086
50 24 54.67018838322111
50 28 6.351518395012153
50 39 128.27487534008606
50 40 28.855758198247322
50 41 4.292390757678566
50 48 20.58169235588324
50 50 11.83247373589749
50 51 16.122213585738713
50 52 24.276804025782486
50 53 41.49919784433018
50 59 27.790104725541426
50 60 68.73861942072729
50 61 15.274713277158032
50 62 14.379296141092999
50 64 100.99528831928001
50 65 37.20188115991351
50 67 15.462607765895093
50 69 7.233375983153767
51 1 23.788605848032333
51 3 19.437438780940536
51 7 40.09628731447522
51 15 13.119180268920646
51 16 39.614274586576975
51 27 26.772211717345236
51 33 50.27358173568517
51 35 9.049242913286237
51 36 26.596372830551218
51 38 11.684057149337201
51 41 6.986080664282191
51 48 19.51380284485237
51 50 13.102409162687913
51 51 7.621867931326047
51 52 25.066141673952117
51 53 2.0957432095272113
51 54 36.52150622338738
51 55 47.868167024531
51 56 8.092538122473412
51 59 72.61135674798662
51 62 10.86910276649587
51 64 74.10146221256069
51 67 116.2067965039937
51 70 7.929046053296503
52 3 3.071698165707006
52 9 95.497244654447
52 11 3.721052472681651
52 21 15.099403992968565
52 22 6.18769235509258
52 29 76.62161734479696
52 33 43.39811164097087
52 38 10.882532672946486
52 39 33.32522534851138
52 44 14.425053615476632
52 51 10.921671910609522
52 53 27.615821418143334
52 54 12.486535792422496
52 56 63.95383644502099
52 60 23.73476867817847
52 61 40.01970323554394
52 63 5.84972699104515
52 64 4.294854126144429
52 69 42.98165380571648
53 1 38.709097641452466
53 15 11.616384065599782
53 16 24.236728441863136
53 17 34.41066531710764
53 22 2.0235658101918697
53 23 46.80630072485446
53 27 55.04765563393865
53 29 17.875868033101387
53 30 60.09454863383347
53 32 40.360043324874695
53 33 10.976918631254932
53 34 3.3651892910580927
53 38 118.37223334452433
53 40 29.865147935457223
53 41 26.948883501881145
53 42 29.144370131389785
53 47 6.171570866504026
53 51 20.997623432887124
53 52 32.63399253011208
53 53 47.06071104956548
53 54 65.84472795482098
53 58 14.653114923657345
53 60 10.809854188130299
53 62 56.22237611227372
53 63 12.70831605970739
53 64 60.518542882204
54 1 136.59873030863127
54 3 87.22419524458998
54 5 12.01987580527322
54 6 16.457143020830337
54 7 17.3338035735665
54 8 1.4667033839445622
54 10 28.44072706450088
54 23 17.824627004453816
54 27 42.244231398842196
54 29 31.700367049934673
54 30 14.194505212027574
54 32 7.073966886113412
54 40 46.15445495082518
54 44 4.232188712997935
54 47 84.03790079384196
54 51 26.885301066433506
54 52 52.56097181055611
54 55 51.55652413537627
54 58 108.05476927363358
54 60 14.988757728746405
54 62 11.55245220392426
54 63 12.181202060986775
54 69 47.20582639597167
55 2 57.32604351869869
55 4 11.703697352416295
55 5 75.44147428511384
55 6 9.97923252564447
55 7 5.9128819711877
55 12 92.10012813425041
55 15 36.6122826577579
55 16 90.5135773013473
55 21 18.438327449860207
55 26 20.741156559941615
55 30 45.911565133688846
55 39 36.873874949723024
55 44 27.404815692998095
55 46 8.185759496462477
55 48 29.70342689727453
55 49 108.89327165608132
55 52 5.998794941389003
55 54 6.612103797269907
55 55 55.44338489182953
55 56 16.65279703073037
55 58 55.18404641736756
55 63 26.54301556696455
55 64 11.596559872353138
55 66 8.018986505686883
56 1 60.81214738182175
56 2 16.623643267182565
56 4 7.773565520108374
56 6 87.66341588827653
56 12 4.3398408192235625
56 18 10.213323994882275
56 24 2.0533894007986557
56 25 15.897588002274157
56 26 83.19075305215783
56 27 16.82748892200747
56 28 14.493488375995398
56 29 7.654063202222563
56 31 72.74904113210336
56 35 9.656974450781068
56 39 51.51909393706145
56 41 58.80260666303235
56 46 21.56766147523588
56 47 1.6316018175650764
56 53 185.48198496277425
56 56 7.00509499665481
56 57 2.65924422258084
56 58 3.755937468216355
56 59 7.652778829343741
56 60 24.558703013902246
57 2 8.822216288879375
57 10 123.17921244410695
57 11 51.97901059628013
57 13 69.01638340317093
57 14 122.69806802909405
57 17 32.483744635989794
57 20 28.127914577145102
57 22 4.318540387131076
57 23 5.369959566324019
57 24 3.1621150359131347
57 37 15.432202212441682
57 39 20.442388772921564
57 45 7.875486322742377
57 46 1.9754391937798126
57 48 73.06760932970796
57 50 104.15272558656062
57 53 11.92582902389929
57 55 26.098985660803127
57 56 110.11478911768157
57 57 61.49582442676309
57 58 16.122213585738713
57 62 104.64368808802446
57 64 20.66790842633704
57 67 57.89331161698677
57 68 32.753670636613236
58 1 3.8125577383349225
58 4 46.54802983824837
58 5 21.690080535673143
58 7 50.45941128291982
58 8 9.678983181560504
58 9 3.1600763800540537
58 18 62.78142019364393
58 30 126.81702230519629
58 34 20.876709956513313
58 35 14.898235631861704
58 41 21.692016341484745
58 44 14.107824798541992
58 46 17.927162217665614
58 54 13.504820471679354
58 57 45.36195773563719
58 58 15.132649234069591
58 59 6.08602759044637
58 60 2.0957432095272113
58 61 36.52150622338738
58 62 54.94960661780612
58 63 6.0377205878057305
58 65 17.044570317455843
58 66 30.9352320037833
58 68 15.239133358815156
58 69 14.50342451900856
58 70 29.469656404327257
59 1 11.403472182423814
59 5 5.640579666897842
59 10 66.64177712550392
59 11 41.20109460843871
59 16 7.659852379736348
59 17 20.223402151054266
59 19 13.84674403995892
59 23 106.59213550714901
59 24 17.762194664473995
59 26 15.359030998990827
59 29 37.6966689082826
59 30 2.3068379872782834
59 32 97.97807243553466
59 34 9.35180028025194
59 36 45.65705229913976
59 38 9.74020410432804
59 39 1.9506293926920084
59 41 1.57650736160695
59 44 20.807720730317012
59 45 5.6892579548553615
59 55 15.338121859024215
59 58 4.711053822193365
59 60 17.950139531392754
59 61 13.949863629640822
59 62 3.1682603889537044
59 63 23.076653405893953
59 64 11.333945078982271
59 67 40.71547387341206
59 70 160.69830064613942
60 7 25.720255340454052
60 21 16.515550168295956
60 23 12.481602656577305
60 24 3.817888254771338
60 26 20.368045730270943
60 32 28.83323930411927
60 33 4.994969147420189
60 34 28.20819438653124
60 37 16.86453354654389
60 38 28.377507181933048
60 43 1.3207503377346455
60 44 3.388205650064627
60 47 22.450289280735042
60 50 60.28306041342977
60 56 5.393474017685554
60 57 18.410483599308527
60 58 39.70565452705412
60 59 32.63399253011208
60 60 47.06071104956548
60 61 9.562878516077618
60 62 18.712799481968762
60 68 35.444544607167416
60 70 13.533228830612801
61 3 10.807620637379483
61 5 94.63820135495223
61 15 18.63438026676753
61 19 187.03709012870883
61 20 10.998056835010114
61 21 27.630043359590307
61 28 78.02800637951238
61 34 5.616120883817598
61 36 5.053103080463203
61 37 22.444362513790615
61 40 53.27155502214575
61 43 4.906787010914337
61 44 1.0106715409583464
61 46 19.548955109110736
61 54 15.963179078555068
61 58 107.38434717786996
61 61 12.190370861704569
61 62 51.55652413537627
61 63 105.37183503741284
61 65 3.210056588371871
61 70 79.95006375710717
62 10 23.502134096408632
62 14 16.279410298215403
62 15 6.870224915702332
62 22 16.98329839258599
62 23 46.6044972065874
62 24 27.97575424740752
62 27 75.8317184967278
62 28 15.692507863716585
62 31 29.371188150475138
62 32 4.867900057568769
62 34 32.44981286425745
62 38 21.736551940480165
62 42 3.675177006273485
62 44 43.31930337228619
62 51 8.718681203520028
62 52 112.28439944924149
62 59 5.998794941389003
62 60 3.058500288114496
62 61 6.612103797269907
62 62 55.44338489182953
62 63 16.65279703073037
62 66 31.763824009464336
62 70 25.563427480718808
63 3 25.826042275729414
63 6 9.379677134590173
63 19 12.349494902782187
63 21 8.762329313579876
63 25 63.158418456976456
63 30 7.475041561535073
63 34 66.65228102146628
63 36 14.38601882373872
63 39 45.38831025250783
63 45 20.22639663441399
63 51 13.948356165396197
63 53 18.033461322908686
63 54 21.70111958085184
63 56 105.2190138550704
63 68 7.963031523305482
64 4 167.89592940868837
64 5 54.879215713051174
64 11 21.300930904891004
64 13 27.921005594128847
64 14 100.4129676540667
64 28 6.413504736265918
64 32 15.92815192000571
64 35 4.435596228399238
64 37 13.31073134692669
64 38 14.237246853409966
64 39 4.1473802583641
64 42 69.35352037362857
64 45 6.576981280881432
64 48 21.505153453784047
64 52 56.81274997235111
64 53 77.10927735543555
64 54 33.79026431381857
64 55 6.225511665488861
64 57 7.4012773041993745
64 61 36.13660442112543
64 65 16.122213585738713
64 70 2.6374886453815862
65 2 20.34005116272273
65 5 24.455266661086476
65 7 2.898019245561466
65 13 142.22146706546064
65 24 11.53137131866936
65 25 60.472488892262234
65 26 34.74644782414274
65 27 15.122450937304757
65 30 6.2528165333482955
65 33 42.89485812962327
65 34 10.79365943704325
65 39 84.7119887418332
65 40 14.166481820484334
65 41 22.661972767976106
65 42 61.88298903806511
65 45 52.55831952848835
65 48 25.594620773367097
65 57 43.489457372543995
65 60 1.6614385768645847
65 61 6.329573928788392
65 65 28.01735824332009
65 67 13.381481203739591
65 68 36.52150622338738
65 69 47.868167024531
66 3 45.513994366159515
66 6 5.124078762505214
66 9 25.580633785896453
66 11 45.46901687237231
66 12 28.600441102306444
66 13 31.526721893643707
66 16 37.92614073003374
66 18 45.88462015647533
66 27 9.376558930110695
66 35 10.253978454546942
66 40 16.12902422783298
66 45 15.249780806334666
66 51 38.418400059755406
66 52 33.66678020797445
66 56 5.06266680746267
66 58 12.7350178741205
66 64 1.6555833256931403
66 65 10.921671910609522
66 67 8.443056120877612
66 68 35.56650079912814
67 1 19.834613090532464
67 4 6.624256010612713
67 6 40.32406295193592
67 8 30.050518239923864
67 9 16.170908874307795
67 10 22.223763970150348
67 11 54.48278203180662
67 12 6.500538024532516
67 13 1.6050963864793888
67 27 69.50361078217965
67 30 16.244844723589367
67 32 9.61539411116722
67 39 39.289362551346606
67 40 15.898245572054252
67 44 10.604823190357617
67 45 61.328939596685444
67 46 34.641542454494356
67 52 181.7784736855684
67 58 7.977234145933222
67 61 124.39127225655848
67 63 78.02064359429409
67 65 31.27008892970577
67 66 1.1513810737027268
67 67 47.06071104956548
67 68 9.562878516077618
68 1 34.018209399238096
68 4 29.542569232434438
68 7 1.7491254329890138
68 10 14.940099045878574
68 11 23.67205649289129
68 14 27.328328379669735
68 19 2.5062773356389862
68 21 11.98970858136902
68 23 62.79784890178072
68 27 7.768467340678749
68 29 44.281603380107065
68 37 43.199276030136474
68 41 36.03450252564786
68 43 12.301501166551246
68 49 23.80880647769848
68 50 1.3409212531059809
68 61 12.040925547967829
68 64 38.6434353720533
68 65 19.63101098229596
68 69 51.55652413537627
68 70 8.601720953344813
69 2 23.936134909874273
69 11 11.166333423322383
69 12 46.89902420191671
69 14 3.6784592097765882
69 21 28.91453270758768
69 24 4.069994971273653
69 25 11.12539693845845
69 32 18.60911993356609
69 33 4.6729467279953205
69 45 41.79115986868859
69 46 5.172913566795964
69 49 7.427007651146905
69 58 33.76437200511347
69 60 25.243851017010744
69 66 5.998794941389003
69 68 6.612103797269907
69 69 3.8552845898252075
69 70 16.65279703073037
70 1 146.18979236726395
70 2 32.28513496946379
70 7 1.6691401563477672
70 18 7.009653150211852
70 21 76.74001213795052
70 23 68.84266216200771
70 26 46.55635609593647
70 27 110.03561243554384
70 33 74.06386391962774
70 35 52.73751334568197
70 41 41.189143183710705
70 42 18.516620145348433
70 58 75.52133867224458
70 59 36.708120846226635
70 66 3.0004002151506386
70 69 32.629462375538864
70 71 27.588614113730127
