4
6
0
11
1
1 25.03040150195537
1
11
1
8 18.94943898659478
2
11
1
8 23.32167938007943
3
11
1
7 4.839980988061761
4
11
1
3 30.81137339609743
5
11
1
8 20.757830182174807
9
0 1 13.394909625297881
0 2 22.732601632766
0 3 26.399887081113686
0 4 20.855766960562597
1 5 22.475701341248854
2 5 20.864138220226558
3 3 24.11720496003112
3 5 28.55725707033281
4 5 19.25634522959102
6
0
11
1
2 20.64002157511223
1
11
3
3 31.32712170114926
6 23.2619349474273
9 28.923554055642118
2
11
1
2 6.660594087174456
3
11
1
7 35.204526860309656
4
11
1
6 46.80767822248241
5
11
1
9 1.3568464830385754
8
0 1 17.903496838485932
0 3 31.42532556753509
0 4 13.409692953641763
1 5 24.583736147425924
2 2 32.98227951774748
2 5 18.322120681513148
3 2 36.75994120953666
4 5 20.636363996262407
6
0
11
1
2 11.828087055378253
1
11
1
8 13.86674792334667
2
11
1
7 20.875355508557128
3
11
1
5 21.144871154254094
4
11
1
0 28.004686159570532
5
11
1
7 21.89668692647009
8
0 1 23.77881702562986
0 2 28.954716173062675
0 3 34.478867015420285
0 4 20.00538424135759
1 5 18.343349454722777
2 5 2.533537799799335
3 5 22.69379243285509
4 5 14.530489143329874
5
0
11
1
0 4.581959816960284
1
11
1
3 2.549756801401853
2
11
1
2 24.78580684770752
3
11
1
8 33.263678481509814
4
11
1
2 33.39533048633655
6
0 1 38.47400330126972
0 2 4.94723247411232
0 3 21.087402369602597
1 4 27.392456204834584
2 4 27.666361302004717
3 4 22.863277415331808
