10
5
0
3
1
5 2.072271439771092
1
21
1
4 4.657574833941942
2
17
2
2 1.5933586416525047
7 2.039300783159657
3
2
2
2 1.2939371331940666
7 3.0823888929975287
4
32
1
1 2.315347274382263
6
0 1 27.3094966140003
0 2 30.679854718705474
0 3 22.733749230094162
1 4 21.14935370146962
2 4 4.763875350134706
3 4 25.618909150341096
5
0
2
1
2 1.169998956588941
1
18
1
8 3.6442924970200425
2
15
1
8 1.5903129063343946
3
21
3
4 1.301525758593531
6 1.4062623760905537
9 1.4310036718973773
4
44
1
7 2.015567036319951
6
0 1 23.891612206992352
0 2 30.87250880809515
0 3 1.369777977445823
1 4 46.76964520479453
2 4 21.89586682942244
3 4 23.758632938779215
5
0
3
1
0 1.701281307346651
1
28
1
3 2.282410862748976
2
5
2
4 4.309524621701052
7 1.977108230533215
3
25
1
5 3.5253999011278254
4
16
1
0 1.1907241333156917
5
0 1 31.242423595907592
0 2 5.502868224419451
1 4 27.53643159696569
2 3 1.0627960567696704
3 4 29.306897723004663
5
0
23
1
8 5.545073983869858
1
24
1
1 1.3155990428320803
2
26
2
2 3.1802365713367786
9 1.5754377034714826
3
20
1
8 1.8529740957945005
4
27
1
6 2.3550942347433628
6
0 1 16.922812683046487
0 2 0.035719650447914475
0 3 30.187169381376037
1 4 15.476391437076002
2 4 32.295862405721735
3 4 32.97437998559484
5
0
32
2
2 1.9316382967839398
4 1.7628796088893688
1
17
1
3 1.9299924266017423
2
1
1
4 1.7100862163673511
3
39
1
5 1.7896211241661093
4
18
1
3 1.2852372593473627
5
0 2 3.1567391328285437
0 3 31.303759128730988
1 4 21.946078429157566
2 4 20.173139676506175
3 1 20.745703080081185
4
0
28
1
2 1.520687310102154
1
21
1
0 1.0344914788339599
2
30
1
3 1.2932709582106712
3
19
2
5 4.492264240323085
8 1.9519876774292353
4
0 1 22.984408428696735
0 2 25.245606092407
1 3 36.42362857416086
2 3 20.446207136644425
4
0
14
1
7 1.3958409582792337
1
26
1
4 2.7537412848827514
2
40
1
4 1.1532767596200624
3
27
1
8 1.0877722174397717
3
0 2 5.021574085905721
1 3 24.478400210265526
2 1 22.95425407116437
4
0
31
2
2 1.31929842207986
9 1.3335569786999604
1
23
1
4 1.2606641863001804
2
20
1
3 1.7794611337323407
3
23
1
2 1.2788055527639979
4
0 1 17.58674457686955
0 2 14.991795137606307
1 3 5.413577606534044
2 3 4.465196739477673
4
0
26
1
3 1.7282833306160206
1
36
1
6 1.7752627696332572
2
22
1
4 1.9104287329682124
3
1
1
7 1.912701152987178
4
0 1 25.62340710861452
0 2 7.8131875004809
1 3 26.373935914272234
2 3 24.765960699031382
4
0
14
2
0 1.275469037331343
7 1.2572065924619795
1
12
2
3 1.8652937310796849
8 1.5276511150489007
2
20
1
2 1.9196700295085964
3
2
1
0 1.5525615965211361
4
0 1 14.88198789904251
0 2 3.877181744678813
1 3 3.946533453282022
2 3 27.25937651852768
