9
5
0
11
2
4 1.3714484907595346
5 1.4314992218018583
1
11
1
6 1.292718121351549
2
11
1
4 1.837333855236586
3
11
1
0 2.0904085677349276
4
11
1
8 1.4625698302249166
6
0 1 1.3240182354959122
0 2 2.2717527740047996
0 3 1.2949173837413217
1 4 2.3733366770502844
2 4 1.4430313479504606
3 4 2.4849568249267615
5
0
11
1
9 2.787118405841984
1
11
1
8 1.3439590602334217
2
11
1
4 1.2691349435677113
3
11
1
2 1.4096092555730004
4
11
1
8 1.4208065791847604
6
0 1 2.226188999035677
0 2 2.6830074131956088
0 3 1.512106165574483
1 4 1.5432699371927672
2 4 1.2199624671275828
3 4 3.2509897107560666
4
0
11
1
6 1.3107879054249238
1
11
1
8 3.493889990525211
2
11
1
8 1.3383777646017938
3
11
1
4 1.781569944265812
4
0 1 2.6967060421899736
0 2 3.8668137880038094
1 3 1.052216901455792
2 3 3.3859352981527655
4
0
11
1
6 1.5716666661267678
1
11
1
8 1.3751254329357445
2
11
1
7 2.1976480532850413
3
11
1
5 1.494140063968189
4
0 1 3.2871060685587095
0 2 1.7650495475042094
1 3 1.1812059728380802
2 3 2.0768713612535974
4
0
11
2
2 2.1537261209083054
4 1.8705152950603667
1
11
1
1 1.998718277540396
2
11
1
0 1.8094130087729714
3
11
1
1 1.4852749275185004
4
0 1 3.2612256908123842
0 2 3.8419031210814367
1 3 1.6380626338140996
2 3 1.316368485715776
4
0
11
2
3 1.390906151988481
6 2.5934957244649657
1
11
1
8 1.0722561815143297
2
11
1
5 1.7728800267578673
3
11
1
4 1.7836064009425425
4
0 1 2.137194836870891
0 2 1.3746215749012833
1 3 2.6135974772843262
2 3 1.1496728532365958
4
0
11
1
5 1.8109715512502174
1
11
1
1 1.4993297682368638
2
11
1
4 1.3677439341108895
3
11
1
4 1.1585630249975183
4
0 1 1.1479916580400888
0 2 2.395078281198738
1 3 3.1898545212986784
2 3 2.409966316174801
4
0
11
1
3 1.880312748026508
1
11
1
5 1.1405118042069902
2
11
1
7 1.080251545346003
3
11
1
6 1.473187843437619
4
0 1 1.8847629404024944
0 2 1.2326161365573476
1 3 1.000365711340815
2 3 1.3100804789466713
4
0
11
3
2 1.4372053299581435
7 3.1389818816237067
8 1.3107152218831353
1
11
1
0 1.73476874298764
2
11
1
0 2.633606738635429
3
11
1
2 1.519017532753625
4
0 1 1.4833359830811692
0 2 2.046032813481676
1 3 1.080505345998651
2 3 2.9066954608209565
