10
5
0
25
2
0 1.7389319083027752
2 2.2127577124012046
1
8
5
0 1.9498771896882507
1 1.7523673262207953
2 1.5268515916340215
3 4.172428950390801
4 1.6891339730866735
2
25
3
0 1.2696419770159864
1 1.7932106584197034
4 1.1165276857401771
3
35
4
0 1.06035596405073
1 1.0472527831758536
2 1.002582507573477
3 1.8443514261392941
4
29
1
4 1.1497330388827223
7
0 3 1.1486495191929575
1 4 2.678556850121857
2 2 3.94325885139305
2 4 1.2131089890855786
3 1 4.113734935765873
3 2 1.1572349450696766
3 3 1.2316643364904585
5
0
23
1
2 3.772041106145033
1
29
3
0 1.9661928713490782
3 3.7774167238812155
4 3.1245100684375364
2
25
2
1 1.2158275729057741
4 1.1320122388451257
3
31
2
0 1.9576426658824453
1 3.845105929706039
4
33
1
4 1.0821292450368898
6
0 1 2.086300022273325
1 1 1.003313348453608
1 2 2.323178759891678
2 3 1.7270820717162927
3 1 1.0201427370304288
3 4 1.7550544926010057
5
0
28
1
3 1.261106213109058
1
28
3
1 2.9791623070243327
2 1.4207953544775334
4 1.792416873327503
2
21
1
0 2.0790185619217265
3
29
2
2 2.3294907221013883
3 2.208693606259655
4
3
4
0 1.6730012271841805
1 1.4691708338240048
2 1.093020724161848
3 1.1214894046139772
7
0 1 1.4434852526558222
0 3 2.5652541012149124
1 2 1.3854176080163796
2 2 2.105972492119956
2 4 1.4184303522660133
3 2 2.2425263493353143
3 3 1.2497485113096485
5
0
28
3
2 1.0744130533060252
3 1.387976605075233
4 1.6107599564355464
1
29
3
1 2.5182609232167423
2 3.4576751520968987
4 1.542908395624643
2
5
1
3 2.128072296097856
3
1
4
0 1.128430101796972
1 1.8896243701360373
3 1.0131772958241356
4 1.5021959355706427
4
17
1
2 1.092988094859247
7
0 1 1.2729520548614728
1 2 2.6975584699020567
1 3 1.7287545089062686
2 2 1.6634636032263568
2 3 3.4184865623358043
3 1 2.311769495443139
3 4 1.6630219005378173
5
0
18
3
0 1.4365271482332167
1 1.2680762435255415
4 1.0363613790083628
1
19
2
2 1.806701130571668
4 1.0302856718631932
2
32
2
0 3.0893980833875165
3 2.001520929522533
3
22
2
0 1.1338746494948064
1 2.291578293188355
4
21
2
1 3.072089310287611
2 1.03750795410874
7
0 1 2.026653512480494
1 1 2.004922202783761
1 2 1.083954929379527
1 3 1.6096041606048135
2 2 1.2130156856237007
2 4 2.105605797727926
3 2 1.218578453000373
5
0
1
4
0 1.8381815964690063
2 2.2415625724935717
3 2.5176393189241435
4 3.120892599463282
1
27
1
4 2.135698591821603
2
28
4
0 1.7002835446432
1 1.6271453601062675
2 1.3293392561931894
3 2.6264460478107647
3
21
3
0 1.5140820181004695
3 1.812970669796063
4 3.9277173734233886
4
29
4
0 1.2725344222690858
1 1.1507388117463038
3 1.2944273077291157
4 5.095551033158631
7
0 1 1.693791716649586
1 1 2.7092750826547833
1 2 1.5340974516231793
2 2 5.039382425200645
2 3 2.7564079300771946
3 1 2.6358233928599075
3 4 5.49009166827482
5
0
25
4
0 1.1178150242757425
1 1.0134808153837658
2 1.110069141124384
3 2.368442589750346
1
22
4
0 1.7419397274301545
1 1.3572070511191727
3 1.8231089487248702
4 1.34218423598108
2
32
2
0 2.114777799071657
2 1.7577206142944193
3
21
2
1 1.6958212967588835
2 2.201971793995628
4
31
2
0 1.670082172901083
2 1.791052841526208
8
0 1 1.339634252822676
1 1 2.874376328569535
1 2 1.0228028312563755
1 3 3.139856486354642
2 1 2.2111512413641004
2 2 2.8232063505936047
3 1 1.4282420404630278
3 4 3.8332405770449083
5
0
2
1
1 1.038944113800647
1
25
3
0 1.4275640944288606
1 1.3277752921541428
4 3.8431717075083975
2
5
2
1 1.1183990342777963
4 3.1754548787603087
3
17
2
3 2.0446847260989554
4 1.3943326544600263
4
15
2
1 2.0013376707893578
3 1.1301573292544034
7
0 1 2.577978788167668
0 2 1.2294613514148183
1 1 2.8291972848761446
1 4 1.492154983646743
2 2 1.558410086197573
2 3 1.0226921672053568
3 4 1.079677678660782
5
0
13
3
2 1.0654177636978308
3 1.80624096450339
4 1.084424612508213
1
6
2
1 1.582121671641463
2 1.5978888681017456
2
17
2
1 1.2603880533855651
3 1.6124326689718944
3
20
3
0 1.449378573446564
2 1.69014757106709
3 1.2026323678382187
4
31
1
0 3.2665347922982404
8
0 1 1.5922311654545833
1 1 3.0107789767517015
1 3 1.0458290086600317
2 1 1.8176047924327423
2 3 4.3152346329897
3 1 2.4566965389287
3 2 1.307741932990829
3 4 4.023430906129095
5
0
27
2
0 2.2002527480979115
3 4.993636482873813
1
19
2
2 1.3695685164962421
4 1.4397404215882146
2
16
1
4 1.3022588513738365
3
18
4
1 4.093677711577279
2 2.7761907015433858
3 1.1704480374150148
4 1.240751172798257
4
20
2
1 2.8846690157406467
4 2.4758150566182833
6
0 3 2.910793154736476
1 2 2.275235289803203
2 1 1.1920817002872137
3 1 2.88230172058956
3 2 4.7859377313206615
3 4 2.3406472548474513
