4
5
0
11
1
2 1.2527636347226798
1
11
1
2 1.4008940602078759
2
11
2
3 1.3037320838141855
5 1.0319169503328285
3
11
2
2 1.3392533496099246
7 3.244880619545874
4
11
1
4 1.3525611371159174
7
0 1 3.649564836508003
0 3 1.0905673408675711
1 1 1.2769166987148264
1 4 1.799636946599182
2 4 2.1305237104823296
3 2 1.0816044249660457
3 3 1.2548056389634732
5
0
11
1
8 2.291953470163472
1
11
1
1 1.0827633148324838
2
11
1
7 1.0059528483628961
3
11
2
5 1.3606223903538979
7 4.230902644231016
4
11
1
9 2.2308479281179276
7
0 1 1.8579504952740016
0 2 1.6203567837149957
0 3 1.129414716262742
1 1 1.648050678539881
1 4 1.121453585941271
2 4 1.4775760414964771
3 4 1.7449796047312751
4
0
11
1
7 1.4036655492497119
1
11
1
2 3.327058489114296
2
11
1
8 1.0810671251063364
3
11
1
3 2.603115509332188
3
0 1 2.4613184506721257
1 2 1.4133350103163163
2 3 3.05280535650514
4
0
11
1
9 2.836257137420385
1
11
1
2 1.260454352120754
2
11
1
4 1.0354784297879578
3
11
1
6 4.481775173140488
4
0 1 2.1565190521260473
0 2 1.4092838585476897
1 3 3.399869000517418
2 3 1.968342008770999
